val/video_validation_0000266.mp4 9.6 12.2 12.4 21.8 22.0 29.2 40.7 43.3 54.2 57.5 58.8 62.3 63.2 66.7 67.8 70.3 72.8 76.4 90.5 92.0 92.7 94.3 127.2 129.8 129.9 135.5 137.9 148.2 171.4 0
val/video_validation_0000681.mp4 44.0 50.9 64.9 0
val/video_validation_0000682.mp4 1.5 5.4 79.3 83.9 169.1 0
val/video_validation_0000683.mp4 0.3 5.5 7.5 13.5 15.9 18.1 23.8 25.7 37.9 0
val/video_validation_0000684.mp4 21.8 23.3 40.0 43.1 63.7 66.6 68.4 0
val/video_validation_0000685.mp4 18.7 23.4 23.4 26.7 43.8 48.1 55.1 58.2 63.2 66.8 67.2 71.3 78.4 81.5 129.1 0
val/video_validation_0000686.mp4 2.4 5.0 5.0 0
val/video_validation_0000687.mp4 5.1 7.1 17.7 20.5 32.6 0
val/video_validation_0000688.mp4 77.6 81.9 103.7 106.7 127.3 130.1 131.9 0
val/video_validation_0000689.mp4 0.5 4.9 4.9 0
val/video_validation_0000690.mp4 5.7 10.6 14.9 18.1 35.0 38.0 156.8 161.3 251.6 256.2 280.2 0
val/video_validation_0000901.mp4 6.2 7.8 15.5 16.4 20.5 22.2 34.5 36.2 42.7 44.6 51.0 52.5 63.6 64.7 73.6 76.5 81.9 84.6 94.5 95.9 98.7 102.9 108.9 111.0 121.3 1
val/video_validation_0000902.mp4 3.0 3.5 5.7 6.2 7.1 7.9 8.4 9.0 11.0 11.7 11.8 12.1 12.2 12.7 15.8 16.9 20.0 20.7 20.7 21.3 25.8 26.3 30.3 30.8 35.1 35.7 102.5 104.5 111.7 112.9 116.5 118.4 121.5 122.9 129.8 131.7 138.5 140.0 143.6 144.5 144.5 146.7 151.1 152.3 155.8 158.8 164.3 167.1 176.8 178.3 181.8 184.5 191.1 193.3 200.1 201.9 204.8 205.8 219.6 220.2 227.3 228.9 233.7 234.7 239.4 240.9 243.4 244.4 248.2 253.2 259.4 262.0 267.0 269.6 273.2 275.1 279.9 285.6 294.2 295.7 298.5 299.2 301.5 304.6 308.9 311.1 321.7 322.9 327.4 331.1 334.8 337.2 339.6 342.8 354.8 355.9 362.7 364.0 365.3 368.6 372.2 374.9 377.0 380.6 434.9 436.2 448.8 452.0 457.1 460.5 463.2 468.0 473.6 474.7 505.3 509.1 512.8 516.8 519.7 523.6 584.6 590.8 593.1 1
val/video_validation_0000903.mp4 6.0 8.0 11.4 13.8 16.7 19.2 22.0 23.2 29.4 32.0 33.9 36.0 51.3 53.0 60.0 63.0 70.5 72.1 82.6 84.4 89.1 91.1 95.3 96.8 105.8 109.2 128.3 130.1 136.5 138.7 141.2 142.9 160.3 163.5 167.4 169.7 194.6 195.9 198.7 201.4 221.8 224.2 231.8 235.3 320.8 323.7 331.0 335.0 363.7 364.6 375.8 377.1 385.7 387.8 391.0 395.3 422.9 425.0 432.1 435.4 440.1 441.8 444.6 448.4 468.5 470.2 474.2 476.9 480.5 483.1 495.3 496.5 500.7 503.4 507.4 509.7 547.5 1
val/video_validation_0000904.mp4 9.7 11.4 18.6 24.4 33.0 34.3 40.1 43.1 48.5 50.1 53.4 55.5 62.9 65.2 67.7 69.3 75.1 76.4 80.8 82.8 87.2 89.5 91.6 92.9 95.7 97.1 101.7 103.4 107.7 109.1 113.9 115.1 120.9 122.1 126.8 128.1 135.4 136.6 143.3 144.6 149.4 151.2 155.9 158.0 162.8 163.7 167.9 169.9 172.2 173.3 177.6 179.1 186.4 187.6 192.7 194.1 196.7 198.3 203.6 205.4 211.7 213.7 220.5 222.7 228.5 1
val/video_validation_0000905.mp4 10.4 11.0 16.2 17.3 20.0 21.5 24.6 25.4 27.1 28.3 46.7 48.5 53.4 55.0 57.2 58.0 60.2 61.6 64.2 64.9 74.2 75.8 81.0 82.0 85.4 86.3 92.6 94.0 98.3 99.4 118.6 120.0 128.5 130.0 135.7 137.1 159.2 161.1 169.0 1
val/video_validation_0000906.mp4 42.9 43.9 66.8 70.5 74.1 79.7 91.6 93.7 96.3 97.1 103.5 109.8 112.7 116.9 120.2 123.3 129.9 131.1 144.1 147.4 153.4 156.1 161.0 163.7 166.2 167.3 173.6 176.2 180.9 184.1 188.1 192.5 196.7 201.5 204.6 206.9 266.6 267.8 273.6 276.1 280.9 285.7 289.2 290.6 297.5 300.2 304.2 307.5 346.7 348.0 354.2 358.5 361.6 364.8 367.2 370.1 373.4 374.7 380.0 383.6 386.1 389.8 395.3 396.5 408.2 411.5 413.6 1
val/video_validation_0000907.mp4 9.7 10.8 16.8 18.1 20.5 23.4 31.7 33.1 34.6 1
val/video_validation_0000908.mp4 22.9 25.8 30.8 32.1 41.3 43.5 49.3 50.3 53.4 55.2 58.3 60.6 64.6 67.9 70.3 72.0 73.5 76.5 78.5 80.6 85.5 88.4 89.5 90.9 90.9 91.8 97.0 99.9 99.9 101.5 104.6 107.0 110.6 113.4 117.8 118.9 127.1 128.7 134.0 136.0 140.1 142.3 148.9 150.5 154.9 156.9 162.1 163.3 174.1 176.2 178.9 179.9 183.8 186.4 190.0 191.9 193.4 196.4 205.0 206.7 211.0 214.5 217.4 218.8 223.3 225.0 228.6 230.1 236.7 239.8 240.9 242.2 249.1 252.0 255.7 257.8 263.6 1
val/video_validation_0000909.mp4 6.6 7.6 13.3 14.6 17.8 19.8 22.9 24.3 29.5 30.8 37.6 38.2 41.4 42.8 46.1 47.8 52.0 54.4 58.5 59.5 64.2 65.6 70.8 72.1 78.0 79.4 82.7 83.9 87.2 88.7 91.9 93.1 96.1 97.3 101.6 103.7 108.9 109.9 112.6 113.9 118.0 120.0 130.9 131.9 141.0 143.3 147.6 148.9 150.6 151.7 153.3 155.0 160.5 162.5 168.5 170.3 173.2 176.0 178.9 182.1 182.5 185.5 196.8 1
val/video_validation_0000910.mp4 9.9 11.2 16.5 18.3 19.1 22.9 26.9 28.2 35.0 36.8 40.6 41.7 50.2 51.8 54.2 56.4 61.5 62.7 69.8 70.8 71.9 72.5 74.2 75.2 79.8 81.2 88.7 90.9 93.5 97.4 101.2 102.8 105.0 106.2 107.1 108.1 108.9 112.4 124.3 125.2 127.1 127.5 128.6 131.0 136.1 136.8 141.5 142.5 143.5 146.3 150.6 151.6 155.0 156.5 160.7 163.1 169.4 170.6 172.7 173.4 174.6 175.2 175.7 176.5 176.6 177.5 177.9 178.5 178.7 179.8 192.1 1
val/video_validation_0000051.mp4 67.5 75.9 85.9 90.6 139.3 148.2 169.6 2
val/video_validation_0000052.mp4 24.3 24.8 166.3 2
val/video_validation_0000053.mp4 9.1 13.8 22.4 24.8 34.3 40.1 49.7 53.0 63.6 68.5 74.6 80.6 88.5 90.7 96.7 99.2 112.7 113.8 124.5 130.0 138.4 146.0 152.8 156.1 163.9 166.4 175.9 181.0 188.8 193.8 197.1 2
val/video_validation_0000054.mp4 126.9 127.6 134.9 2
val/video_validation_0000055.mp4 20.5 25.6 46.8 51.6 58.6 67.7 72.9 77.2 85.6 90.9 95.1 99.6 104.2 108.4 116.8 121.7 127.4 133.1 162.7 2
val/video_validation_0000056.mp4 17.4 24.3 27.4 35.4 50.5 52.7 60.1 62.6 72.1 72.9 85.0 86.0 91.4 94.8 101.8 106.8 120.8 123.5 124.9 126.7 131.2 131.8 137.6 2
val/video_validation_0000057.mp4 9.4 11.7 43.7 47.6 70.1 73.7 80.4 83.3 91.5 96.8 104.8 107.1 112.7 117.6 140.3 142.4 148.4 150.1 159.7 163.3 185.8 189.0 196.5 201.9 215.8 220.8 227.6 2
val/video_validation_0000058.mp4 10.9 11.6 82.9 84.3 114.2 115.9 123.7 126.2 131.9 2
val/video_validation_0000059.mp4 4.9 6.7 25.6 27.2 42.6 44.3 68.5 70.3 82.8 84.4 90.8 91.3 104.2 104.8 112.1 113.0 123.0 124.7 132.6 134.0 145.5 146.4 170.6 172.0 183.3 183.8 200.7 204.5 213.4 215.0 228.7 2
val/video_validation_0000060.mp4 23.9 31.2 50.2 56.6 60.1 63.5 73.7 76.7 101.0 105.0 123.2 127.9 133.5 136.4 141.6 145.3 149.2 152.1 187.0 2
val/video_validation_0000151.mp4 10.2 22.9 33.4 3
val/video_validation_0000152.mp4 12.8 28.4 56.0 62.6 98.1 124.8 165.7 3
val/video_validation_0000153.mp4 4.3 10.9 16.3 21.1 28.5 36.8 56.2 73.0 85.7 101.0 121.4 141.6 171.3 3
val/video_validation_0000154.mp4 5.4 11.6 13.0 19.7 21.4 29.3 52.4 3
val/video_validation_0000155.mp4 35.6 45.2 75.4 3
val/video_validation_0000156.mp4 3.5 10.7 19.5 27.2 116.8 121.5 127.2 133.4 144.9 151.4 164.8 173.9 184.7 192.9 226.1 234.6 237.3 3
val/video_validation_0000157.mp4 0.3 9.6 10.7 49.6 50.2 3
val/video_validation_0000158.mp4 3.9 16.1 24.4 34.6 47.0 165.1 215.2 224.3 235.8 244.2 249.0 258.8 262.7 272.8 306.5 3
val/video_validation_0000159.mp4 35.2 51.6 98.8 123.2 133.8 136.3 230.3 246.1 266.5 274.0 368.2 388.6 400.2 411.6 445.2 3
val/video_validation_0000160.mp4 46.3 67.3 94.9 108.5 237.8 255.2 301.2 319.6 407.9 3
val/video_validation_0000161.mp4 11.3 14.1 11.3 14.1 21.0 23.9 21.0 23.9 26.4 29.4 26.4 29.4 50.9 55.4 50.9 55.4 61.7 4
val/video_validation_0000162.mp4 0.0 2.8 0.0 2.8 10.7 11.9 10.7 11.9 39.8 43.1 39.8 43.1 67.2 70.0 67.2 70.0 79.1 82.3 79.1 82.3 84.2 87.6 84.2 87.6 87.9 90.7 87.9 90.7 91.7 94.6 91.7 94.6 108.8 112.8 108.8 112.8 115.4 118.2 115.4 118.2 118.8 122.0 118.8 122.0 122.6 125.4 122.6 125.4 126.1 132.3 126.1 132.3 143.5 146.7 143.5 146.7 148.2 151.3 148.2 151.3 152.5 155.1 152.5 155.1 155.8 158.5 155.8 158.5 164.1 167.1 164.1 167.1 167.5 169.9 167.5 169.9 170.1 173.1 170.1 173.1 176.6 179.6 176.6 179.6 198.0 4
val/video_validation_0000163.mp4 37.2 41.2 37.2 41.2 53.6 57.6 53.6 57.6 94.0 98.1 94.0 98.1 104.6 107.3 104.6 107.3 127.9 131.5 127.9 131.5 148.7 157.0 148.7 157.0 172.8 177.0 172.8 177.0 233.8 4
val/video_validation_0000164.mp4 93.6 95.7 93.6 95.7 102.3 105.8 102.3 105.8 109.5 111.8 109.5 111.8 133.5 136.4 133.5 136.4 173.3 4
val/video_validation_0000165.mp4 40.7 45.9 40.7 45.9 48.2 51.1 48.2 51.1 58.3 61.5 58.3 61.5 66.3 69.3 66.3 69.3 89.4 95.5 89.4 95.5 106.3 4
val/video_validation_0000166.mp4 78.3 82.8 78.3 82.8 83.8 85.7 83.8 85.7 90.6 96.3 90.6 96.3 101.6 105.0 101.6 105.0 113.4 116.8 113.4 116.8 145.3 4
val/video_validation_0000167.mp4 6.2 14.6 6.2 14.6 15.0 21.6 15.0 21.6 22.0 27.2 22.0 27.2 30.8 39.5 30.8 39.5 44.0 50.2 44.0 50.2 64.2 73.4 64.2 73.4 85.4 87.7 85.4 87.7 89.0 90.9 89.0 90.9 91.8 94.2 91.8 94.2 105.3 108.6 105.3 108.6 109.3 111.4 109.3 111.4 136.6 141.9 136.6 141.9 142.0 148.0 142.0 148.0 148.4 150.5 148.4 150.5 153.0 155.4 153.0 155.4 158.2 160.4 158.2 160.4 161.0 163.2 161.0 163.2 164.3 166.2 164.3 166.2 167.3 169.2 167.3 169.2 169.5 171.8 169.5 171.8 172.5 178.8 172.5 178.8 182.9 186.0 182.9 186.0 186.4 189.1 186.4 189.1 189.3 191.4 189.3 191.4 210.8 4
val/video_validation_0000168.mp4 14.1 17.6 14.1 17.6 20.5 23.7 20.5 23.7 26.0 28.1 26.0 28.1 30.8 33.9 30.8 33.9 42.0 44.3 42.0 44.3 49.8 52.9 49.8 52.9 55.4 58.0 55.4 58.0 62.0 65.4 62.0 65.4 68.2 70.4 68.2 70.4 78.6 82.0 78.6 82.0 86.9 90.3 86.9 90.3 97.9 101.4 97.9 101.4 103.5 106.0 103.5 106.0 110.7 113.0 110.7 113.0 120.0 129.7 120.0 129.7 133.4 136.0 133.4 136.0 136.8 4
val/video_validation_0000169.mp4 1.8 5.3 1.8 5.3 6.0 7.1 6.0 7.1 12.1 14.0 12.1 14.0 17.0 18.2 17.0 18.2 26.4 27.9 26.4 27.9 28.9 30.6 28.9 30.6 32.2 33.5 32.2 33.5 33.7 35.5 33.7 35.5 35.7 37.6 35.7 37.6 38.4 40.0 38.4 40.0 45.4 46.2 45.4 46.2 47.0 50.0 47.0 50.0 50.1 51.3 50.1 51.3 53.1 60.0 53.1 60.0 64.9 66.7 64.9 66.7 67.5 69.0 67.5 69.0 69.9 70.8 69.9 70.8 72.1 73.9 72.1 73.9 74.5 75.6 74.5 75.6 75.7 76.9 75.7 76.9 78.6 80.0 78.6 80.0 80.3 81.5 80.3 81.5 82.7 86.1 82.7 86.1 86.6 88.0 86.6 88.0 88.8 90.2 88.8 90.2 93.5 95.7 93.5 95.7 96.1 97.2 96.1 97.2 104.7 105.8 104.7 105.8 105.9 107.6 105.9 107.6 108.6 110.5 108.6 110.5 113.6 115.3 113.6 115.3 115.4 117.3 115.4 117.3 119.3 121.4 119.3 121.4 121.4 122.6 121.4 122.6 122.7 124.3 122.7 124.3 124.4 126.1 124.4 126.1 126.1 126.9 126.1 126.9 127.3 128.5 127.3 128.5 128.6 129.8 128.6 129.8 129.9 131.3 129.9 131.3 134.6 136.5 134.6 136.5 143.6 144.1 143.6 144.1 151.3 152.8 151.3 152.8 156.0 157.7 156.0 157.7 158.6 159.3 158.6 159.3 159.5 160.3 159.5 160.3 160.7 160.9 160.7 160.9 163.5 165.4 163.5 165.4 170.6 172.3 170.6 172.3 172.8 174.7 172.8 174.7 175.8 177.2 175.8 177.2 194.1 4
val/video_validation_0000170.mp4 22.3 25.4 22.3 25.4 94.2 99.1 94.2 99.1 123.7 127.6 123.7 127.6 160.6 168.8 160.6 168.8 186.7 190.4 186.7 190.4 199.4 204.5 199.4 204.5 215.8 4
val/video_validation_0000171.mp4 2.6 3.6 3.4 4.4 82.1 83.9 83.6 85.5 90.5 91.6 91.7 92.8 99.6 101.3 102.1 102.9 109.4 111.2 111.4 114.2 152.1 5
val/video_validation_0000172.mp4 14.0 16.4 32.4 34.1 49.4 51.8 65.9 68.9 81.7 84.0 97.3 99.7 103.6 5
val/video_validation_0000173.mp4 5.6 8.3 14.2 14.9 14.8 16.4 20.4 21.6 21.3 22.0 27.5 28.5 28.3 29.0 31.0 32.0 31.7 32.8 42.9 44.0 44.0 44.8 61.8 62.8 62.8 64.0 66.4 68.5 73.9 75.0 74.9 75.6 80.0 86.0 90.8 92.3 91.6 92.3 98.6 100.0 103.8 105.1 111.7 113.0 119.3 120.3 119.7 120.8 141.8 145.7 146.1 146.8 153.3 155.0 154.0 155.4 162.1 163.4 162.7 164.0 168.3 170.0 168.7 171.1 174.5 175.3 174.8 175.5 178.6 179.8 183.1 184.6 184.9 187.7 191.3 192.9 204.1 207.9 209.9 5
val/video_validation_0000174.mp4 7.5 9.1 25.7 28.2 42.3 45.7 57.8 60.5 118.7 121.5 135.2 137.3 152.8 5
val/video_validation_0000175.mp4 67.4 74.8 79.7 5
val/video_validation_0000176.mp4 0.3 1.1 1.1 2.7 4.0 4.7 4.7 5.8 6.7 7.5 7.5 8.9 10.1 11.1 11.2 11.9 12.9 13.8 13.8 14.7 16.4 17.0 17.0 18.2 19.7 20.4 20.4 21.2 22.1 23.3 22.9 23.7 24.7 25.7 25.4 26.5 28.8 29.8 29.7 30.9 32.5 33.5 33.3 34.4 35.4 36.6 36.5 37.5 39.4 40.4 40.2 41.3 42.2 43.4 43.2 44.2 44.6 45.7 45.5 46.6 46.9 47.5 47.2 48.4 49.9 51.0 50.7 51.9 52.7 53.4 53.2 53.8 55.0 56.3 56.2 56.9 57.4 58.7 58.1 59.6 61.7 63.0 62.7 64.0 64.9 65.3 64.9 66.0 68.8 69.3 69.1 70.0 71.9 72.9 72.4 73.8 75.1 76.1 75.9 76.9 78.1 79.0 78.7 80.3 82.6 83.6 83.2 84.9 87.5 88.4 88.0 89.3 90.2 90.7 90.3 91.5 92.6 94.1 93.5 94.5 95.2 96.1 95.6 97.3 98.8 100.0 99.3 100.7 102.1 103.3 102.5 104.8 106.4 107.0 106.8 107.7 110.3 111.5 111.1 112.2 112.5 113.2 113.0 114.1 116.9 118.3 117.6 119.1 120.4 121.3 120.9 122.6 123.5 124.2 123.9 124.9 126.3 127.0 126.7 127.7 129.7 130.7 130.4 131.9 131.9 5
val/video_validation_0000177.mp4 0.7 11.9 66.2 67.1 71.8 72.5 74.5 78.4 80.3 84.7 85.3 86.9 151.5 5
val/video_validation_0000178.mp4 11.9 15.0 14.3 16.5 34.8 48.0 62.7 67.9 71.6 80.3 82.8 86.0 86.8 91.0 96.0 97.7 114.6 5
val/video_validation_0000179.mp4 8.7 11.1 38.6 39.8 39.1 40.7 62.3 63.5 62.9 63.9 73.2 75.4 74.2 76.4 88.8 89.6 89.4 90.0 91.4 92.9 100.2 101.6 101.6 103.6 105.4 107.2 116.2 117.0 116.9 117.6 119.9 120.6 145.0 145.7 145.4 146.3 170.4 171.4 170.7 171.8 185.6 5
val/video_validation_0000180.mp4 0.2 1.5 1.9 4.0 5.5 6.1 8.4 9.4 14.6 15.6 15.2 16.2 18.9 19.8 19.6 20.9 22.8 23.5 23.3 24.2 26.2 27.2 27.0 27.9 29.3 30.3 30.6 31.3 31.0 32.4 34.8 35.7 35.7 36.5 39.0 40.1 40.0 41.3 47.9 48.9 48.8 49.8 52.9 54.1 53.9 55.2 57.0 57.5 57.5 58.2 63.2 63.8 63.8 64.7 68.2 69.3 71.0 72.0 72.0 73.0 75.0 75.6 75.7 76.6 81.3 82.2 81.9 82.5 87.0 87.7 93.5 94.1 94.0 94.9 98.4 99.5 99.5 100.3 102.2 103.2 111.8 112.6 115.8 116.5 116.1 117.2 125.9 126.7 126.5 127.4 131.6 132.3 132.1 132.8 139.2 140.2 140.0 141.2 148.0 148.6 148.4 149.4 151.2 151.8 151.7 152.4 153.2 153.7 153.5 154.3 154.7 155.2 155.1 155.9 159.8 160.4 160.1 160.9 163.8 164.4 164.2 165.1 168.2 169.2 169.1 169.9 173.1 173.7 173.4 174.0 179.1 180.3 180.0 181.1 182.3 183.4 183.1 183.9 200.4 202.2 201.8 202.6 205.5 206.4 206.3 207.1 214.8 215.8 215.8 216.9 220.5 5
val/video_validation_0000181.mp4 2.3 3.1 2.9 3.8 53.3 54.4 54.1 55.8 86.8 88.2 87.9 89.1 117.8 119.2 119.0 119.9 135.1 135.9 135.6 137.0 148.8 5
val/video_validation_0000183.mp4 23.2 26.6 63.2 66.3 67.7 71.3 81.5 5
val/video_validation_0000184.mp4 0.8 1.8 1.6 2.6 21.9 24.2 28.4 30.0 34.5 35.9 35.2 36.7 38.7 40.0 39.7 40.6 48.4 49.9 49.5 50.4 64.0 65.3 66.4 68.8 73.2 75.8 84.2 85.2 84.2 85.8 116.1 117.3 117.0 117.8 131.9 133.8 151.9 155.7 156.7 157.8 157.4 158.2 161.5 162.4 163.0 164.4 168.4 5
val/video_validation_0000187.mp4 22.2 23.3 22.6 24.0 35.5 36.3 38.0 40.4 43.5 44.9 45.9 47.3 52.0 53.7 53.8 54.7 54.9 57.0 59.9 5
val/video_validation_0000188.mp4 16.0 17.6 17.6 18.4 36.2 37.0 43.0 44.7 47.0 48.4 48.4 49.1 68.0 69.5 73.3 76.2 84.9 86.1 85.6 86.4 103.7 108.8 117.3 119.7 118.7 120.0 124.3 126.3 140.3 141.6 141.0 142.3 160.3 162.9 161.7 163.2 170.3 5
val/video_validation_0000189.mp4 6.3 7.2 6.7 8.1 26.5 27.5 31.4 35.1 37.0 38.4 38.6 39.9 58.3 59.4 59.0 60.1 76.3 77.1 78.3 80.8 85.2 87.1 86.9 90.5 102.3 103.1 102.7 103.7 110.8 5
val/video_validation_0000190.mp4 5.9 6.7 6.7 7.3 7.3 5
val/video_validation_0000182.mp4 7.6 8.5 14.2 15.6 27.9 29.2 32.1 34.2 45.3 49.8 53.7 55.2 56.8 59.2 70.9 85.7 89.7 91.6 93.3 95.5 101.2 6
val/video_validation_0000185.mp4 51.9 55.1 58.2 60.1 60.5 6
val/video_validation_0000186.mp4 16.1 16.5 17.1 17.7 21.2 21.9 23.2 24.1 31.8 32.7 41.6 42.0 46.5 47.6 51.5 52.2 58.6 63.2 66.4 67.6 68.7 69.8 70.8 71.9 73.4 73.9 74.5 75.3 76.7 77.9 90.4 6
val/video_validation_0000201.mp4 38.2 39.5 44.0 7
val/video_validation_0000202.mp4 4.4 6.2 27.8 37.9 43.5 46.1 48.9 51.2 58.2 62.6 68.3 70.0 72.8 74.8 79.1 80.6 82.8 86.6 98.9 101.7 111.7 113.8 119.6 122.2 132.0 135.1 140.5 141.7 146.6 148.7 151.3 153.0 154.9 156.6 164.3 169.1 174.1 176.0 178.5 181.9 185.7 188.3 188.8 7
val/video_validation_0000203.mp4 6.8 14.3 16.3 21.5 40.0 43.8 44.8 48.1 74.2 77.3 109.2 110.9 121.8 124.1 129.0 130.6 134.7 136.2 137.3 139.6 148.1 149.6 160.8 167.9 189.4 7
val/video_validation_0000204.mp4 10.1 15.3 15.6 17.7 19.3 21.4 21.6 23.4 25.4 27.5 28.8 30.6 31.0 33.0 33.3 36.1 36.8 39.6 39.8 42.7 42.8 44.9 46.2 50.6 50.7 52.5 52.6 54.5 54.6 56.5 56.7 58.6 58.8 60.5 60.8 62.3 62.5 67.2 67.4 69.5 70.6 73.2 73.5 75.2 75.3 77.4 77.7 83.6 83.8 90.3 96.3 97.8 98.2 100.2 100.7 102.7 103.4 106.3 108.1 115.0 115.6 117.3 117.5 119.5 120.6 122.2 123.2 124.9 128.2 130.2 131.6 134.0 136.8 138.7 139.2 140.9 141.4 143.4 153.6 155.8 156.1 158.1 158.4 160.7 161.2 163.6 164.4 166.8 167.4 170.4 170.8 174.5 175.4 177.5 178.7 181.0 181.4 183.3 184.1 187.0 191.6 193.5 193.7 195.4 195.6 197.6 197.8 202.9 203.2 208.7 209.2 214.4 214.6 220.4 220.4 223.2 224.2 226.6 227.6 229.4 231.4 233.8 234.7 236.5 238.7 240.4 242.8 244.7 250.2 252.0 252.2 254.6 255.5 257.5 259.6 261.7 263.7 265.2 265.6 269.1 269.6 272.6 273.3 276.3 276.5 279.2 279.4 281.2 281.9 283.7 283.8 285.6 286.0 288.0 288.9 290.8 294.3 7
val/video_validation_0000205.mp4 0.0 3.2 3.8 4.3 5.0 11.3 11.7 17.7 18.8 24.6 25.1 31.6 32.0 34.8 35.2 38.0 39.1 44.5 44.6 50.0 50.4 52.5 53.4 55.5 56.6 58.7 59.6 61.6 63.2 65.6 68.1 70.5 72.6 74.5 76.0 78.8 79.9 82.8 83.8 87.0 87.9 91.4 93.8 95.6 97.4 100.0 101.4 103.6 105.0 107.6 109.7 111.6 112.2 114.2 115.4 117.4 119.2 121.2 122.5 124.8 126.2 138.6 140.0 142.3 143.1 145.3 146.4 149.2 149.8 152.2 153.0 155.8 157.1 159.6 160.5 162.8 163.5 165.7 166.6 169.9 171.7 174.3 174.8 177.5 178.2 180.6 182.2 184.6 185.4 187.3 188.4 189.8 191.5 193.7 195.1 197.2 197.6 199.7 200.9 202.8 203.7 205.5 207.2 210.0 210.8 213.5 213.9 216.8 218.3 220.9 221.6 224.7 226.9 228.9 229.4 231.4 232.6 234.3 235.0 237.4 238.3 240.7 242.2 244.7 246.8 249.2 249.5 251.6 252.2 254.6 255.0 256.8 257.8 260.0 260.7 262.4 263.4 265.6 266.6 268.2 268.7 271.5 272.0 274.5 275.6 278.0 278.4 280.7 281.5 284.2 285.2 288.1 288.5 291.7 292.8 295.3 296.2 298.4 298.9 301.5 301.7 304.2 304.9 306.5 307.2 309.4 309.9 312.3 313.0 315.8 317.0 318.9 319.6 323.1 323.9 326.2 326.7 329.0 330.3 333.2 333.9 335.6 335.9 338.5 338.9 341.8 342.8 346.0 346.4 348.9 349.4 352.1 353.3 355.8 356.5 359.6 360.5 363.4 363.8 367.1 367.3 369.4 370.3 372.0 372.7 375.7 377.7 379.8 380.2 383.8 384.6 387.9 399.7 402.3 407.7 410.6 411.7 414.1 415.1 417.8 418.7 421.2 422.5 425.6 426.5 430.2 431.4 433.9 434.7 436.8 437.6 439.6 441.9 446.0 449.2 451.4 455.0 457.5 460.2 462.4 465.5 467.5 468.9 471.1 472.2 474.5 475.6 478.8 479.1 481.3 482.1 484.4 485.5 488.3 514.6 532.0 536.5 7
val/video_validation_0000206.mp4 0.0 1.2 1.2 2.2 2.3 3.2 3.3 4.1 4.2 5.0 5.1 5.9 6.0 6.9 7.0 8.2 8.3 9.5 9.5 10.7 25.9 26.7 28.5 30.7 32.2 33.9 34.1 36.3 38.1 39.1 40.9 43.2 49.5 51.3 52.3 53.8 55.7 57.4 59.5 60.5 62.1 65.2 67.3 68.6 70.1 71.8 72.8 73.8 75.9 76.6 78.3 79.7 81.9 83.7 85.2 86.7 87.4 90.7 92.7 94.0 96.0 98.1 100.1 101.2 101.4 102.4 102.6 103.6 106.1 108.5 110.9 112.0 113.1 115.6 122.0 123.5 125.5 126.8 127.5 130.0 131.7 132.8 134.3 136.7 138.0 139.9 141.4 143.2 144.5 147.1 148.9 151.0 153.3 156.4 158.6 160.0 163.3 165.4 167.9 169.9 179.0 7
val/video_validation_0000207.mp4 15.4 22.4 40.4 45.4 74.2 78.0 78.7 80.6 82.1 85.2 112.9 116.1 126.4 133.0 147.6 151.9 183.5 7
val/video_validation_0000208.mp4 26.8 29.7 33.6 36.5 36.7 39.1 39.5 41.0 42.0 44.8 46.0 51.8 52.2 55.1 57.0 59.7 62.3 65.7 66.5 71.3 72.7 77.3 79.4 82.2 82.7 86.4 88.0 91.8 92.9 95.8 97.6 101.0 102.6 106.6 107.6 109.4 113.0 114.3 114.4 118.7 119.4 123.1 123.9 128.4 149.2 7
val/video_validation_0000209.mp4 6.5 9.6 17.2 21.3 24.4 28.5 30.5 38.4 74.5 79.8 86.7 90.9 92.0 96.2 97.8 106.3 144.0 149.8 156.4 160.7 162.2 167.2 168.4 178.8 213.5 220.9 228.5 233.2 235.7 241.1 242.8 251.9 299.1 303.8 332.9 339.2 359.7 362.8 368.1 373.2 374.7 380.1 382.0 393.1 430.7 433.7 457.5 460.5 466.0 471.9 473.2 480.3 481.0 493.4 528.8 534.2 535.7 540.3 542.5 553.6 576.0 7
val/video_validation_0000210.mp4 22.4 28.0 28.5 34.7 46.8 50.8 62.7 66.7 78.7 81.5 86.3 90.2 139.4 7
val/video_validation_0000261.mp4 1.1 7.4 11.5 18.7 23.2 8
val/video_validation_0000262.mp4 0.7 4.1 5.7 13.6 16.1 19.0 21.5 23.9 23.9 25.6 27.2 30.7 32.5 8
val/video_validation_0000263.mp4 0.2 1.1 2.2 3.1 7.6 10.2 11.0 18.6 19.2 24.1 27.5 30.0 37.4 43.3 47.3 8
val/video_validation_0000264.mp4 59.4 60.7 60.7 61.7 61.8 63.2 62.8 64.5 67.0 68.2 68.3 69.2 68.7 70.0 69.4 70.7 74.4 75.7 88.0 91.5 179.1 183.0 210.9 213.4 213.4 215.8 283.6 8
val/video_validation_0000265.mp4 5.4 7.8 8.3 9.8 10.6 12.6 13.9 16.5 16.6 18.5 19.2 20.8 21.1 22.7 23.0 24.1 24.3 26.8 27.3 28.9 29.2 31.2 31.6 33.4 34.1 36.0 36.2 50.8 51.4 8
val/video_validation_0000267.mp4 92.2 93.8 93.8 95.8 95.8 97.1 97.1 99.0 99.0 100.4 100.6 102.3 102.3 103.7 103.7 105.2 105.2 106.4 106.4 107.8 108.4 109.1 109.1 112.0 112.2 114.7 114.9 117.2 126.1 127.6 128.2 128.9 154.3 156.3 186.0 187.5 188.5 191.3 194.0 195.7 198.3 199.6 200.5 201.9 204.6 206.0 211.0 214.4 216.8 217.9 225.2 229.6 236.6 241.4 258.5 259.8 278.6 279.4 284.6 286.7 289.3 290.6 337.7 339.2 339.3 340.2 343.4 343.9 348.9 350.1 352.5 354.3 356.9 357.9 358.3 359.1 359.6 360.5 361.1 362.3 362.7 363.7 381.6 8
val/video_validation_0000268.mp4 238.5 249.6 306.2 8
val/video_validation_0000269.mp4 2.3 12.3 14.9 16.1 18.0 19.1 21.8 8
val/video_validation_0000270.mp4 26.5 29.4 30.1 36.4 48.0 57.7 67.5 8
val/video_validation_0000281.mp4 169.7 175.3 221.6 225.3 227.7 9
val/video_validation_0000282.mp4 7.7 15.5 29.3 32.4 32.8 35.8 38.3 9
val/video_validation_0000283.mp4 0.0 2.3 11.1 61.3 61.6 9
val/video_validation_0000284.mp4 13.0 19.2 22.4 42.7 43.9 47.0 47.6 50.8 67.9 9
val/video_validation_0000285.mp4 74.2 81.8 129.9 9
val/video_validation_0000286.mp4 172.4 178.6 218.7 9
val/video_validation_0000287.mp4 29.2 33.5 39.9 44.9 57.9 63.8 77.3 88.7 129.0 9
val/video_validation_0000288.mp4 79.5 84.0 105.8 109.2 111.8 9
val/video_validation_0000289.mp4 3.0 25.9 32.8 123.3 123.3 9
val/video_validation_0000290.mp4 2.6 5.8 10.3 43.4 45.5 53.9 55.5 60.3 63.0 65.6 66.6 9
val/video_validation_0000932.mp4 2.8 3.3 3.3 3.8 4.6 4.8 16.0 16.6 16.7 17.3 17.4 18.0 27.1 28.5 49.6 51.2 51.4 51.9 52.0 52.6 52.7 53.1 53.5 53.9 54.1 54.4 62.8 64.0 112.9 9
val/video_validation_0000311.mp4 0.0 1.5 13.9 21.5 55.4 63.6 75.3 81.4 94.9 101.4 115.2 125.0 139.3 149.8 179.1 186.1 198.4 206.6 207.2 213.5 244.0 253.1 266.2 273.6 309.4 320.2 334.8 344.4 345.2 351.8 357.1 364.7 377.7 385.8 386.2 393.0 419.6 429.7 446.6 456.4 456.8 466.5 509.8 521.0 533.0 540.9 564.8 573.9 587.0 594.7 605.8 611.1 635.4 644.8 661.0 668.5 677.3 685.2 698.9 10
val/video_validation_0000312.mp4 2.2 10.5 19.6 27.2 48.8 55.3 79.4 10
val/video_validation_0000313.mp4 10.2 20.7 25.0 29.0 36.4 45.4 52.0 62.2 74.0 81.9 131.5 10
val/video_validation_0000314.mp4 0.0 9.1 11.2 20.4 21.2 30.1 31.6 38.2 40.0 49.1 49.7 58.7 62.7 70.6 74.0 82.1 84.3 92.2 93.0 100.0 101.4 110.4 112.4 119.3 120.5 130.2 133.2 140.3 141.2 148.7 149.6 157.3 161.0 169.0 173.5 182.5 183.1 190.2 191.5 199.0 200.0 210.0 215.0 222.0 222.9 228.8 229.9 235.9 240.0 248.6 249.6 254.8 256.3 263.1 264.1 271.4 274.5 282.7 287.6 295.3 295.7 303.0 304.1 315.1 316.4 326.9 329.8 338.2 340.2 344.8 345.9 354.3 354.5 362.6 364.4 371.5 373.7 381.1 386.5 393.3 393.8 402.7 404.4 411.5 413.3 420.7 421.5 428.1 430.3 436.9 437.3 444.0 446.9 452.6 454.9 462.9 464.8 470.6 472.3 479.0 482.1 489.8 490.9 497.7 503.2 510.3 511.0 520.2 522.9 528.2 531.3 538.0 538.2 547.4 549.3 555.3 557.3 563.9 564.4 571.5 572.2 582.3 582.8 591.5 594.1 600.9 602.3 609.4 611.3 619.2 621.2 626.1 626.8 633.7 635.1 641.0 642.8 648.3 651.3 658.5 661.1 669.0 673.3 681.4 684.4 689.5 689.9 699.1 701.0 706.8 707.6 713.7 714.9 722.4 727.2 734.0 734.7 741.8 742.8 750.6 758.2 764.9 765.8 770.3 770.6 777.4 780.9 788.5 791.1 797.5 800.5 807.3 811.9 819.3 822.5 829.3 832.4 838.8 844.2 849.1 850.1 857.8 858.9 865.9 869.9 876.1 880.0 886.8 888.4 896.3 898.4 10
val/video_validation_0000315.mp4 4.8 15.1 24.2 31.2 41.1 50.8 59.2 67.4 75.0 84.2 94.5 100.6 120.1 127.8 159.6 10
val/video_validation_0000316.mp4 166.7 175.3 175.9 179.7 180.7 189.6 190.1 193.2 194.3 197.0 198.1 201.3 201.6 10
val/video_validation_0000317.mp4 5.5 16.1 53.6 57.0 60.6 68.9 100.2 102.9 105.2 112.5 137.1 141.3 151.1 159.5 197.5 202.1 214.1 10
val/video_validation_0000318.mp4 23.0 28.3 28.9 34.3 39.7 45.4 46.3 52.0 52.2 57.8 58.6 63.5 63.8 68.8 69.9 74.4 74.8 79.0 79.5 84.7 89.1 97.0 97.3 104.0 104.7 108.6 109.1 115.0 116.9 121.7 122.1 125.8 131.3 141.0 142.1 155.4 159.8 164.9 165.8 171.3 171.6 174.5 175.4 180.5 186.7 10
val/video_validation_0000319.mp4 4.2 8.9 17.8 24.4 44.2 49.7 63.1 68.7 93.5 97.7 116.1 121.3 169.3 174.6 187.0 197.1 228.2 231.9 251.8 256.5 296.8 10
val/video_validation_0000320.mp4 30.9 36.7 48.7 54.0 104.4 112.6 129.6 145.9 162.7 170.5 217.1 221.7 233.4 236.5 271.0 277.6 291.6 298.4 367.7 374.0 391.3 399.7 472.9 479.6 491.8 500.4 523.8 10
val/video_validation_0000361.mp4 74.6 78.6 101.9 106.8 112.5 116.5 117.4 122.5 127.0 132.7 152.2 154.1 157.3 160.8 160.9 163.9 172.1 183.7 188.8 192.7 194.9 199.9 204.0 208.0 214.1 218.6 227.4 232.1 235.7 239.3 244.9 249.9 250.3 252.7 257.7 261.5 265.3 270.8 272.4 279.4 280.5 285.9 286.5 290.5 293.1 303.1 303.7 308.8 318.4 322.1 325.1 329.6 330.8 334.4 336.3 340.0 342.2 344.2 346.8 351.1 360.0 364.5 373.1 387.1 394.5 400.5 400.8 403.2 410.6 414.2 414.6 419.1 419.5 422.7 429.9 436.7 442.3 447.5 448.3 449.4 458.4 461.4 465.3 472.3 473.8 476.7 483.4 487.8 505.5 510.1 512.4 516.1 520.9 524.5 531.0 536.0 577.4 579.5 579.7 581.6 583.8 584.9 589.2 591.9 592.7 597.2 597.6 605.0 630.0 635.7 642.9 644.7 646.0 648.3 667.9 671.7 672.2 676.9 696.3 11
val/video_validation_0000362.mp4 20.0 22.6 22.8 23.5 23.6 25.2 25.2 26.5 27.1 28.1 29.5 30.4 30.8 32.2 32.8 35.0 36.2 37.6 38.6 41.0 44.8 45.8 52.7 54.1 54.9 56.2 56.6 58.0 58.2 59.3 60.2 64.6 71.7 73.4 76.4 77.4 92.0 95.7 96.0 98.7 100.2 103.6 103.8 108.0 119.4 124.5 126.4 131.6 134.4 139.3 141.3 147.4 147.6 151.3 151.5 158.0 166.9 172.1 181.8 185.4 188.8 196.8 202.3 207.6 214.3 217.8 253.0 258.8 268.2 272.0 301.2 311.9 312.4 318.0 318.2 320.1 320.4 322.2 322.4 324.0 332.4 333.8 333.8 339.0 346.4 349.6 349.6 352.8 352.8 355.4 355.6 358.7 380.4 383.5 391.9 394.5 408.1 417.0 429.4 433.1 440.5 443.7 458.8 476.4 483.8 490.0 493.0 496.2 496.5 11
val/video_validation_0000363.mp4 21.9 27.5 28.2 33.2 46.3 51.6 52.3 56.7 58.2 62.1 62.6 68.2 79.4 85.3 101.3 106.6 114.3 118.3 118.8 123.6 131.8 136.9 137.9 140.0 147.2 153.1 156.1 158.8 178.6 186.9 201.1 206.4 206.7 209.8 213.8 219.2 235.3 241.0 253.4 256.5 274.5 279.4 280.3 286.0 289.9 293.9 294.7 300.2 301.4 304.4 311.4 316.9 323.7 328.2 331.4 336.5 337.7 340.3 364.8 369.6 369.9 372.1 372.6 377.9 390.4 398.8 400.2 405.1 406.1 409.3 426.7 431.0 436.8 442.3 442.6 444.9 455.8 457.9 458.5 461.8 462.8 466.5 466.9 471.7 473.4 478.5 479.2 484.7 486.5 488.9 493.3 496.2 508.6 514.5 520.0 521.7 523.1 527.6 529.3 532.5 533.9 538.2 546.7 551.1 552.1 556.5 562.1 565.8 566.5 570.6 571.6 574.3 575.5 580.3 580.6 583.2 583.4 587.0 588.0 592.4 592.8 594.9 598.4 603.9 605.0 608.8 610.6 614.5 619.5 624.7 625.5 629.4 629.8 632.6 633.3 636.3 654.9 659.3 709.2 714.9 717.3 720.8 731.8 736.1 746.6 11
val/video_validation_0000364.mp4 23.0 32.4 53.6 64.3 74.6 80.0 86.5 91.5 95.2 98.6 98.6 106.7 112.5 11
val/video_validation_0000365.mp4 18.1 24.3 29.6 33.3 69.7 77.3 80.8 84.3 110.4 116.2 145.3 151.2 192.9 198.5 213.0 219.9 268.9 11
val/video_validation_0000366.mp4 0.4 2.8 4.9 14.4 32.0 11
val/video_validation_0000367.mp4 85.2 90.9 92.8 97.6 98.3 102.4 104.7 112.3 116.2 123.6 135.0 11
val/video_validation_0000368.mp4 40.0 42.4 43.4 47.8 51.3 58.9 61.3 73.6 202.7 210.2 251.9 262.5 268.2 279.1 285.8 11
val/video_validation_0000369.mp4 160.9 168.0 171.8 178.2 218.2 225.6 230.0 236.0 258.0 262.4 267.3 269.9 288.9 292.5 299.1 304.6 305.2 307.6 335.1 342.3 349.1 355.2 393.6 396.9 402.0 407.8 420.7 425.5 430.2 433.5 434.7 437.4 457.9 462.7 470.6 474.5 506.3 511.2 518.8 522.2 553.4 557.3 566.1 571.4 606.7 612.0 624.3 628.4 668.0 673.9 679.0 681.6 741.1 745.6 752.9 756.6 756.9 759.6 1149.0 11
val/video_validation_0000370.mp4 86.4 92.5 95.5 98.8 131.5 139.0 143.5 146.1 146.4 149.1 173.5 178.6 184.9 188.5 190.2 194.1 239.1 243.6 250.1 253.1 254.6 258.1 287.5 293.4 297.2 301.7 303.5 307.3 330.0 334.5 351.9 355.3 356.6 361.8 397.0 401.8 409.1 413.2 445.8 451.8 463.4 467.0 467.9 470.9 477.4 482.3 547.7 552.1 562.8 566.6 566.9 569.7 611.1 615.3 754.4 11
val/video_validation_0000411.mp4 208.3 214.5 230.4 234.1 254.3 264.3 305.7 314.0 325.3 335.9 362.2 370.1 381.8 385.5 438.0 446.7 463.7 469.4 519.0 527.4 537.1 543.0 567.8 571.2 584.3 590.1 653.9 660.2 692.5 698.9 717.9 720.8 764.5 768.6 782.8 790.0 809.9 12
val/video_validation_0000412.mp4 0.7 6.3 18.2 22.7 43.4 50.6 70.2 74.2 95.0 104.2 116.4 126.0 144.1 152.6 175.2 183.0 209.3 215.2 230.1 235.6 247.7 252.8 266.4 273.6 302.4 309.5 325.4 336.3 383.6 12
val/video_validation_0000413.mp4 51.1 57.0 70.0 75.4 92.3 99.8 108.1 114.7 193.6 203.4 239.4 248.7 262.4 267.5 291.7 299.6 311.0 317.4 355.6 365.0 409.0 416.4 425.6 430.7 471.4 478.7 490.9 498.7 534.0 542.1 551.1 558.7 584.4 590.1 604.9 609.4 640.3 647.4 659.7 666.2 717.9 12
val/video_validation_0000414.mp4 11.5 18.8 19.2 26.2 26.4 35.6 36.2 45.6 45.9 50.6 51.0 58.4 58.8 61.9 83.4 89.0 89.4 94.2 130.7 136.0 136.4 143.6 147.3 154.3 202.6 211.8 216.1 221.3 221.8 233.1 252.4 256.8 259.7 264.1 276.8 281.5 286.8 295.0 302.7 12
val/video_validation_0000415.mp4 19.3 24.1 39.2 43.8 45.4 48.7 73.6 82.3 87.5 90.9 107.3 113.8 118.2 122.5 157.9 165.4 190.0 193.2 226.3 228.5 231.3 235.1 240.0 243.6 281.9 12
val/video_validation_0000416.mp4 2.2 10.1 19.9 24.5 55.1 63.0 76.1 82.5 122.5 130.8 147.6 154.8 200.6 207.6 267.6 272.7 281.7 291.2 350.3 357.5 465.7 474.4 541.2 12
val/video_validation_0000417.mp4 27.4 34.2 50.0 53.8 61.4 67.9 76.4 81.6 87.4 92.1 93.8 98.6 107.8 114.9 120.2 126.5 136.9 141.4 151.7 158.5 163.5 169.4 176.3 180.7 184.0 189.9 198.0 205.0 213.5 219.4 228.4 233.8 234.1 241.3 244.3 250.4 256.6 264.3 266.3 271.7 280.0 286.8 297.5 303.7 311.5 317.5 323.7 327.8 332.0 334.2 346.0 351.2 356.7 12
val/video_validation_0000418.mp4 0.0 5.8 11.7 18.2 25.7 29.1 31.4 36.3 41.1 46.5 50.8 56.2 63.5 69.9 73.9 79.7 81.8 87.6 94.8 99.3 104.6 111.0 115.0 117.9 123.0 128.3 140.3 147.0 151.8 157.6 162.4 167.3 173.3 178.4 183.0 188.5 192.6 198.4 202.2 206.8 213.2 217.8 221.0 224.7 232.3 237.3 241.9 246.0 246.4 12
val/video_validation_0000419.mp4 11.6 18.7 27.8 31.6 78.6 86.6 95.2 104.3 148.0 155.2 163.0 166.4 206.0 213.2 220.2 224.6 253.1 261.7 308.0 313.4 328.6 332.2 430.2 440.2 455.8 461.7 513.8 521.4 527.8 535.4 567.6 572.2 580.0 588.7 609.4 615.1 625.3 631.3 706.6 713.4 724.2 728.5 805.2 813.0 858.1 865.0 904.9 12
val/video_validation_0000420.mp4 16.6 22.9 33.0 38.2 66.4 74.6 89.2 96.4 120.5 126.1 138.4 143.2 187.7 196.0 204.5 210.2 245.0 255.8 268.6 274.1 392.5 398.8 409.5 413.5 436.2 445.2 488.4 498.2 546.9 555.8 567.0 572.2 595.2 602.8 615.7 623.5 664.8 674.2 686.4 693.1 727.7 735.5 748.1 755.1 790.7 799.1 841.2 855.6 868.0 872.5 881.1 12
val/video_validation_0000481.mp4 0.8 9.4 34.4 42.4 55.8 60.9 62.6 71.6 85.1 92.2 101.5 107.0 111.5 116.1 129.1 137.1 146.7 150.5 151.0 158.7 172.8 184.3 192.2 197.5 199.8 204.1 214.5 223.5 233.5 238.5 239.4 247.6 266.3 276.6 288.1 293.6 294.8 300.0 313.9 324.0 332.5 337.6 339.4 349.4 359.9 370.8 380.5 385.7 386.4 394.7 400.2 405.7 416.4 422.4 436.0 13
val/video_validation_0000482.mp4 27.7 41.0 50.7 59.6 65.7 69.4 88.4 13
val/video_validation_0000483.mp4 53.8 70.9 79.4 89.0 89.7 94.9 120.0 13
val/video_validation_0000484.mp4 15.1 27.3 35.2 38.8 78.2 92.6 108.0 112.2 116.1 123.6 142.2 152.7 161.5 166.1 166.8 175.1 200.3 210.0 217.0 221.7 223.2 228.7 272.4 283.3 293.8 299.6 304.1 311.2 340.7 349.7 381.2 393.1 400.9 407.4 411.6 419.8 453.4 462.9 470.8 476.1 480.9 487.7 502.6 512.0 520.3 534.9 559.2 571.4 584.0 589.8 593.2 601.0 633.1 644.2 656.6 660.8 665.2 671.3 686.1 695.4 701.4 706.2 709.3 715.5 739.3 749.6 755.8 761.8 767.0 773.6 825.0 832.5 841.0 846.2 848.5 858.6 891.9 902.3 908.0 913.3 914.0 925.2 948.7 13
val/video_validation_0000485.mp4 15.7 24.7 36.2 47.9 65.0 74.6 87.4 100.6 130.2 139.5 151.2 163.4 183.3 190.6 205.5 216.5 238.7 242.5 274.8 13
val/video_validation_0000486.mp4 10.2 17.9 19.2 25.5 25.9 29.5 29.8 37.6 40.0 46.9 50.1 55.2 58.2 67.6 191.5 13
val/video_validation_0000487.mp4 0.0 7.8 57.4 61.6 61.9 68.0 69.6 74.2 75.1 88.0 92.3 96.3 97.0 103.4 104.0 113.7 119.9 124.6 124.7 129.9 130.9 133.3 134.0 139.5 139.9 146.4 148.4 153.9 165.2 169.8 170.3 174.4 174.6 177.7 179.3 182.7 187.9 191.6 193.7 196.0 197.1 202.7 205.9 214.0 215.1 224.1 228.5 241.9 242.8 252.4 255.9 262.2 307.2 13
val/video_validation_0000488.mp4 15.8 27.4 27.9 36.0 44.0 51.6 51.9 66.5 67.9 82.2 82.9 90.2 91.0 106.4 112.6 13
val/video_validation_0000489.mp4 3.2 11.3 19.8 27.4 87.8 96.6 109.9 115.6 157.0 167.8 176.7 183.0 201.8 13
val/video_validation_0000490.mp4 83.3 92.6 93.6 98.8 99.4 106.3 106.8 111.5 112.6 118.0 118.9 125.3 126.9 136.9 137.7 145.1 145.7 151.0 151.0 157.2 158.1 165.0 165.5 171.2 171.7 181.7 181.7 188.3 188.3 194.4 233.1 236.1 237.7 240.6 242.3 245.9 248.2 250.5 252.6 255.2 258.4 261.0 261.9 265.7 267.0 270.2 286.1 288.0 291.0 293.6 295.4 298.3 299.8 302.2 304.2 307.4 317.5 320.2 322.0 324.9 327.0 329.6 333.5 336.2 338.1 341.2 344.0 13
val/video_validation_0000665.mp4 31.1 36.1 36.4 40.9 44.0 50.0 51.4 56.2 71.5 83.3 84.6 103.3 103.7 117.0 153.6 157.1 186.9 195.4 195.6 202.1 207.1 212.4 212.7 232.5 524.1 13
val/video_validation_0000661.mp4 57.1 65.3 110.0 115.5 115.8 120.8 121.0 130.7 168.3 14
val/video_validation_0000662.mp4 7.1 18.6 19.2 30.8 31.3 42.9 43.0 54.8 55.0 74.0 74.2 86.0 86.2 96.9 98.0 14
val/video_validation_0000663.mp4 0.0 7.4 17.5 24.1 62.5 72.3 90.8 95.4 96.4 103.3 113.8 120.8 122.1 130.4 180.2 187.5 189.6 196.1 198.1 204.6 206.4 212.8 225.9 14
val/video_validation_0000664.mp4 20.4 29.9 33.8 37.8 43.5 49.2 53.0 59.3 63.9 68.6 72.7 78.8 85.4 93.1 97.6 105.0 218.8 14
val/video_validation_0000666.mp4 191.5 204.3 216.3 223.6 229.8 238.5 271.8 280.9 286.6 298.0 313.8 323.1 329.9 337.7 351.1 360.1 370.5 377.7 385.0 398.0 438.8 451.0 455.1 465.9 475.0 485.8 493.7 502.0 521.5 530.7 538.3 547.1 552.5 560.7 568.2 579.9 620.2 634.3 642.8 650.7 1409.3 14
val/video_validation_0000667.mp4 5.1 14.8 29.6 35.8 46.8 54.4 332.3 14
val/video_validation_0000668.mp4 0.0 13.6 14.0 23.0 23.4 28.7 29.0 35.4 35.6 39.6 39.8 45.5 46.6 50.7 51.1 58.3 58.6 63.3 63.8 70.7 70.9 78.3 79.4 84.5 85.0 91.8 92.2 96.6 97.1 103.2 104.2 108.5 108.9 115.3 117.2 122.6 123.3 129.8 132.7 137.0 137.7 145.2 146.8 151.8 152.6 159.2 159.6 164.2 164.7 172.1 173.0 177.9 178.3 185.0 188.0 193.1 193.6 199.7 200.9 206.9 207.4 214.6 216.9 231.2 232.2 237.3 237.9 244.1 246.0 251.4 252.0 258.5 259.3 266.0 267.0 272.1 272.5 277.3 277.9 284.8 285.9 291.1 291.6 297.8 300.1 311.9 312.3 320.0 321.9 326.7 327.2 332.6 333.2 367.1 370.8 14
val/video_validation_0000669.mp4 52.7 59.1 65.0 68.0 98.9 103.9 117.3 120.8 133.4 137.5 142.1 147.4 153.1 157.6 164.5 172.6 232.0 14
val/video_validation_0000670.mp4 73.9 91.6 136.4 14
val/video_validation_0000781.mp4 19.6 20.9 34.5 40.7 52.0 57.9 74.5 80.8 87.4 94.9 127.3 15
val/video_validation_0000782.mp4 35.1 39.5 40.2 43.5 68.3 74.3 77.4 80.1 87.1 90.3 95.9 99.2 120.4 15
val/video_validation_0000783.mp4 5.2 11.8 22.0 27.4 59.1 66.8 76.7 81.6 95.8 102.1 112.8 115.4 120.8 124.7 160.6 166.3 176.9 179.9 196.9 15
val/video_validation_0000784.mp4 6.2 11.2 20.1 24.7 45.7 50.7 88.7 15
val/video_validation_0000785.mp4 14.4 18.3 88.8 96.6 97.9 104.3 105.2 109.7 140.3 15
val/video_validation_0000786.mp4 7.9 12.9 16.5 20.8 26.6 32.2 34.8 42.1 47.8 50.0 58.1 62.9 65.6 67.2 68.5 74.0 76.4 78.3 78.7 79.8 80.8 82.1 85.0 87.3 90.1 91.4 98.5 100.3 107.2 15
val/video_validation_0000787.mp4 4.2 7.3 16.5 20.0 39.4 15
val/video_validation_0000788.mp4 8.3 13.4 15.2 20.9 39.8 45.9 57.5 59.8 62.0 63.2 64.7 67.0 67.4 15
val/video_validation_0000789.mp4 0.7 3.4 13.8 19.2 20.2 23.3 25.8 33.9 36.8 40.3 46.5 52.3 57.4 64.7 65.0 70.7 73.9 77.4 79.1 84.3 85.1 99.5 100.2 107.7 108.4 111.4 112.0 115.1 118.2 124.5 125.8 132.1 136.9 141.9 145.2 157.6 161.0 166.8 168.6 174.6 175.5 182.4 182.9 15
val/video_validation_0000790.mp4 43.6 60.9 101.1 15
val/video_validation_0000851.mp4 11.8 15.7 17.4 20.5 30.9 16
val/video_validation_0000852.mp4 3.2 6.5 12.8 15.8 16.6 20.4 21.4 24.5 25.8 28.8 34.8 37.5 38.1 41.8 43.9 46.5 47.2 50.0 57.6 60.7 61.1 64.0 70.8 73.7 80.2 82.6 84.2 86.6 90.0 94.4 101.7 104.6 105.0 107.9 114.4 117.2 124.0 126.5 127.5 131.0 134.7 138.4 145.3 148.2 149.6 151.7 152.7 155.1 157.8 161.0 167.4 170.3 170.8 173.0 173.6 175.2 176.9 181.5 188.7 192.4 194.0 199.0 212.7 216.5 235.5 16
val/video_validation_0000853.mp4 0.4 2.5 44.8 48.6 51.6 55.5 58.1 61.9 65.9 70.7 71.0 16
val/video_validation_0000854.mp4 3.8 4.7 4.7 16
val/video_validation_0000855.mp4 2.4 4.2 117.2 119.0 137.4 139.5 153.9 16
val/video_validation_0000856.mp4 8.5 10.0 19.9 21.4 35.2 38.9 56.6 61.1 63.7 65.0 70.4 71.3 72.2 76.0 83.0 16
val/video_validation_0000857.mp4 3.8 11.4 15.2 17.7 20.4 22.5 25.8 28.2 31.1 32.7 35.6 38.2 39.9 48.0 49.0 16
val/video_validation_0000858.mp4 39.6 44.5 55.8 58.8 111.1 16
val/video_validation_0000859.mp4 5.2 7.4 26.4 30.9 38.5 46.1 62.9 16
val/video_validation_0000860.mp4 6.4 10.0 19.6 26.1 31.1 16
val/video_validation_0000931.mp4 31.4 34.0 34.5 37.1 38.8 40.5 57.5 59.2 61.6 64.4 65.4 67.1 92.5 17
val/video_validation_0000933.mp4 6.7 7.4 9.4 10.1 10.9 11.9 12.9 13.7 14.4 15.2 16.4 18.0 20.3 22.1 29.1 33.0 88.5 89.5 113.4 115.0 115.6 117.2 174.5 17
val/video_validation_0000934.mp4 9.4 10.6 28.5 33.4 54.5 58.2 76.3 17
val/video_validation_0000935.mp4 34.2 35.7 37.8 39.0 41.3 42.5 44.4 45.7 47.6 48.8 51.5 53.1 54.4 55.6 57.9 59.0 61.0 62.7 64.3 65.7 67.8 70.1 97.9 17
val/video_validation_0000936.mp4 0.5 6.5 19.4 27.9 28.7 32.4 37.8 42.0 42.4 17
val/video_validation_0000937.mp4 4.5 4.8 8.3 9.3 11.4 12.6 13.6 15.3 15.9 17.2 22.6 24.1 39.7 40.8 41.5 42.3 44.0 45.0 57.8 17
val/video_validation_0000938.mp4 7.9 19.6 25.1 34.0 34.6 17
val/video_validation_0000939.mp4 16.8 19.4 19.4 22.2 33.0 34.1 34.9 37.3 38.8 40.8 42.4 44.8 51.6 54.2 54.8 56.8 71.0 73.2 74.7 77.0 78.9 80.7 86.2 91.5 155.6 17
val/video_validation_0000940.mp4 9.3 13.3 13.7 18.1 35.8 17
val/video_validation_0000941.mp4 21.4 27.3 65.8 71.2 79.5 87.1 120.0 128.5 145.7 148.2 156.8 163.4 188.3 193.8 204.3 211.9 231.2 18
val/video_validation_0000942.mp4 1.3 9.8 18.8 26.8 40.0 44.2 53.0 60.4 79.6 18
val/video_validation_0000943.mp4 5.0 12.0 14.3 20.8 26.2 29.7 63.3 69.2 70.0 75.3 108.3 18
val/video_validation_0000944.mp4 6.0 12.5 15.8 18.2 18.8 21.8 22.6 27.1 27.4 30.7 35.8 37.2 37.4 38.1 38.2 39.0 39.2 39.9 40.0 40.6 40.8 41.5 41.7 42.2 42.5 43.1 43.4 44.0 44.2 44.8 45.1 45.8 45.9 46.7 46.8 47.5 47.8 48.4 48.6 49.2 49.6 50.2 50.4 51.2 51.4 52.1 52.2 53.0 53.2 53.9 54.0 54.9 55.0 55.8 56.0 58.6 59.3 61.4 62.5 64.9 64.9 66.9 67.0 68.0 68.1 68.8 68.8 69.3 69.4 69.9 70.0 70.8 70.8 71.3 71.4 71.9 72.0 72.7 72.8 73.2 73.3 73.8 73.8 74.6 74.7 77.1 77.6 80.0 80.9 82.8 82.9 85.7 86.5 89.2 89.5 92.1 92.4 94.6 95.3 98.3 98.4 101.0 108.0 113.7 118.0 122.5 138.8 142.1 142.2 143.7 143.8 144.3 144.3 144.8 144.9 145.7 145.8 146.3 146.4 146.8 146.8 147.7 147.7 148.2 148.3 148.8 148.8 149.6 149.6 153.1 153.3 155.8 156.8 160.0 160.1 164.3 164.6 167.0 167.7 170.2 170.8 174.4 174.8 177.9 178.1 180.3 181.4 184.1 184.6 187.1 190.8 18
val/video_validation_0000945.mp4 2.4 7.0 28.0 29.3 29.5 31.9 32.2 35.5 36.0 42.0 42.3 45.8 46.2 52.3 52.6 56.4 56.6 61.8 62.2 66.4 66.7 72.2 72.5 76.1 76.3 82.4 82.6 86.5 86.8 91.7 91.9 97.8 98.0 101.5 101.8 109.4 109.5 115.2 115.4 121.0 121.4 123.7 190.4 18
val/video_validation_0000946.mp4 5.5 12.2 16.6 82.2 93.2 18
val/video_validation_0000947.mp4 0.0 98.2 98.2 18
val/video_validation_0000948.mp4 0.0 24.7 24.7 18
val/video_validation_0000949.mp4 4.9 9.2 9.2 18
val/video_validation_0000950.mp4 4.9 9.2 9.2 18
val/video_validation_0000981.mp4 4.3 7.0 7.5 9.1 12.5 14.2 22.2 23.2 37.6 38.9 45.1 46.5 54.9 57.0 62.3 63.8 69.7 73.6 75.1 76.4 77.7 80.6 84.5 85.6 88.6 90.1 90.8 91.3 91.7 92.3 92.4 92.8 94.4 95.4 103.6 104.9 110.7 111.1 115.2 116.4 130.9 19
val/video_validation_0000982.mp4 5.8 6.2 16.3 18.2 21.3 19
val/video_validation_0000983.mp4 36.2 36.8 37.3 38.2 41.8 43.3 46.0 47.2 47.2 48.3 48.8 49.9 50.7 52.0 52.3 53.0 53.2 53.8 54.0 54.7 58.4 59.0 63.0 63.7 63.9 64.5 64.8 65.4 65.7 66.3 66.5 67.3 72.4 73.2 74.5 75.6 76.7 77.8 78.7 79.8 80.9 81.7 81.9 82.6 82.8 83.1 83.5 84.1 84.1 84.7 84.8 85.4 85.6 86.4 87.5 88.9 93.0 94.3 93.9 94.8 96.1 97.4 96.9 97.7 98.5 99.5 100.0 100.6 101.0 101.5 101.8 102.2 102.7 103.0 103.3 103.9 104.2 104.6 105.1 105.5 105.8 106.3 106.5 107.0 107.9 108.8 109.7 110.9 111.7 113.0 136.1 19
val/video_validation_0000984.mp4 16.3 17.5 27.3 30.8 34.0 35.8 39.1 43.4 46.3 19
val/video_validation_0000985.mp4 8.7 10.6 20.5 27.8 29.9 34.8 44.3 46.4 54.8 67.3 80.4 86.9 112.3 120.0 128.8 130.5 147.7 154.1 155.9 163.7 164.1 167.5 186.3 19
val/video_validation_0000986.mp4 2.7 4.0 7.5 8.8 12.3 14.0 16.7 18.4 18.4 19
val/video_validation_0000987.mp4 1.0 2.7 4.8 6.7 9.6 11.0 12.6 13.9 15.3 16.5 17.6 18.9 20.5 21.7 23.2 24.6 26.1 26.9 27.9 29.1 30.6 31.5 32.5 33.7 35.4 36.2 37.1 38.0 39.2 40.0 40.6 42.1 43.7 44.8 46.1 47.0 49.8 51.0 52.4 53.8 55.5 57.0 57.6 58.5 60.6 61.6 62.3 63.1 64.4 65.8 66.6 67.9 69.8 70.9 71.7 73.9 75.9 76.7 78.8 80.3 81.1 82.1 83.3 84.4 86.1 86.9 87.7 88.9 90.2 91.5 93.3 94.5 96.8 98.6 99.6 102.2 102.2 19
val/video_validation_0000988.mp4 7.2 10.2 11.3 29.9 53.9 70.2 80.9 97.6 104.3 106.4 124.2 19
val/video_validation_0000989.mp4 15.1 17.3 17.9 19.2 19.6 22.2 22.6 24.4 24.7 25.5 26.8 28.4 28.9 30.4 31.3 33.3 37.0 19
val/video_validation_0000990.mp4 53.4 55.4 61.2 62.8 67.5 69.6 78.7 80.5 83.3 85.3 92.1 93.9 99.7 101.6 103.6 110.4 122.4 19
test/video_test_0000324.mp4 49.2 53.5 116.7 122.5 148.9 0
test/video_test_0000664.mp4 1.3 4.8 22.3 25.3 56.8 59.7 85.9 0
test/video_test_0000714.mp4 26.2 29.9 37.0 39.1 141.4 144.7 150.1 152.7 179.4 0
test/video_test_0000767.mp4 10.9 12.3 77.2 0
test/video_test_0000873.mp4 6.3 9.0 9.0 0
test/video_test_0000946.mp4 0.9 3.5 13.1 17.4 27.7 0
test/video_test_0000964.mp4 7.5 15.3 42.5 47.3 52.2 56.4 63.2 0
test/video_test_0001038.mp4 50.6 54.2 110.5 114.1 121.1 0
test/video_test_0001182.mp4 1.3 3.7 78.1 81.2 89.9 92.9 119.3 0
test/video_test_0001324.mp4 8.4 10.9 18.2 20.2 44.6 46.7 54.7 57.3 62.4 64.4 72.2 75.2 85.7 87.9 95.9 98.5 104.7 106.4 119.7 121.0 129.2 130.8 131.0 132.2 134.8 136.5 136.7 137.7 138.0 139.3 139.9 141.5 141.6 142.8 143.0 144.1 144.7 145.6 163.8 0
test/video_test_0001447.mp4 172.7 175.3 229.8 0
test/video_test_0000179.mp4 7.8 9.0 10.5 12.3 17.3 18.7 20.2 22.9 25.1 29.8 34.1 35.3 36.2 37.3 45.3 46.5 47.7 50.3 51.1 52.8 57.4 58.7 60.7 65.5 70.6 72.2 76.3 77.4 80.0 81.3 89.4 90.3 93.4 94.5 96.5 97.5 101.6 103.1 104.3 105.6 107.4 110.8 120.4 121.6 124.3 128.0 132.3 135.5 141.0 142.2 145.0 146.8 149.7 151.3 153.8 155.2 168.5 1
test/video_test_0000250.mp4 39.5 40.9 42.3 46.7 47.4 49.1 51.6 56.3 59.5 61.4 63.5 66.7 68.3 69.6 71.1 73.5 78.5 80.1 81.9 86.1 90.4 91.8 95.9 98.7 100.0 101.4 102.6 105.6 107.7 110.6 115.4 119.0 122.3 123.4 125.5 130.3 132.3 133.3 135.4 139.6 140.9 141.8 145.4 148.0 155.5 160.1 165.2 167.1 212.0 1
test/video_test_0000560.mp4 8.9 9.7 20.0 20.8 35.0 36.0 50.0 1
test/video_test_0000601.mp4 17.6 19.0 34.7 39.8 43.1 47.4 49.1 53.1 71.8 79.5 103.1 104.5 129.7 133.0 137.0 142.2 145.5 146.8 149.4 151.7 196.0 200.0 222.3 223.6 241.7 245.5 250.9 257.4 260.6 266.6 269.6 275.2 277.9 282.3 292.5 293.1 310.6 316.1 320.9 325.6 327.4 333.7 338.5 342.7 407.6 409.2 411.0 411.9 418.1 419.5 420.6 422.2 431.8 1
test/video_test_0000716.mp4 7.9 9.5 11.6 12.7 13.0 15.3 17.7 18.5 20.5 21.8 22.2 23.9 28.3 28.9 30.4 31.2 33.1 33.9 34.8 37.0 38.9 40.4 41.5 43.0 43.6 44.5 46.0 47.2 49.0 49.8 51.0 51.6 52.4 53.5 53.9 55.1 56.8 57.6 58.2 58.8 61.2 62.4 64.3 65.3 67.8 68.3 69.5 72.2 73.2 74.2 74.8 76.3 77.8 78.5 79.5 80.3 82.8 83.3 84.5 85.9 86.9 87.7 88.4 89.1 92.0 93.0 95.4 97.1 98.8 99.6 100.5 101.3 103.0 103.6 104.7 105.8 108.1 109.7 111.1 111.8 112.7 113.6 114.8 115.8 116.4 118.1 120.4 121.6 122.9 123.9 126.4 128.1 128.7 129.4 131.0 131.6 133.7 134.6 135.0 137.0 137.8 139.0 139.5 140.9 143.0 144.4 147.1 148.4 150.2 151.8 157.1 158.0 158.4 160.1 161.0 162.0 163.4 164.1 168.7 170.0 173.0 173.7 174.2 175.0 176.0 177.5 179.9 181.2 183.6 185.0 186.3 188.7 191.3 192.0 193.0 193.9 194.5 196.1 198.9 200.3 202.3 203.1 208.1 208.7 209.4 210.6 211.5 212.5 212.9 214.8 217.3 218.4 220.3 222.8 224.0 224.9 225.1 226.7 227.2 228.5 229.5 230.3 231.5 232.9 234.1 234.9 235.6 236.5 236.7 238.4 239.9 240.7 242.4 243.4 245.2 246.1 246.8 247.9 248.3 249.5 250.8 252.2 253.0 254.5 256.1 257.1 257.8 258.8 264.3 265.2 273.5 274.5 275.2 276.4 279.8 281.0 284.3 285.0 285.6 286.7 289.1 290.2 291.3 293.1 295.0 295.7 296.6 297.3 299.9 301.1 304.4 305.8 308.7 309.8 312.1 313.1 313.8 315.2 315.5 317.3 319.3 320.2 322.4 322.8 323.7 324.3 326.5 327.2 329.3 330.8 332.4 334.4 337.8 339.2 341.5 342.6 342.7 345.6 346.9 347.9 349.9 351.4 352.9 354.4 356.7 357.8 360.9 361.9 362.6 364.3 364.5 365.9 366.1 368.3 369.6 370.7 371.1 372.3 373.3 374.6 375.6 377.5 381.6 382.4 383.4 385.0 385.6 387.3 389.2 390.2 394.8 396.2 397.4 398.8 399.8 400.9 403.8 405.0 410.2 411.5 413.3 414.3 415.0 416.0 418.7 420.0 420.2 421.3 422.1 424.3 425.2 426.0 426.9 428.0 431.0 431.6 432.8 434.3 435.5 438.1 440.6 441.4 442.4 443.3 444.6 445.4 446.7 447.8 448.4 450.2 450.4 451.9 453.2 454.2 457.0 457.7 460.6 461.5 462.4 463.8 465.2 466.4 467.9 469.1 469.9 470.9 471.2 472.2 474.4 475.3 476.6 478.4 479.5 480.5 480.5 482.3 482.5 485.7 487.5 489.4 490.7 491.7 491.7 493.3 494.0 496.2 496.6 500.3 511.0 511.9 513.9 515.1 517.5 518.9 520.7 521.8 522.4 524.0 529.2 530.1 534.9 535.8 537.2 537.6 538.3 540.0 543.5 544.2 545.1 546.6 547.2 549.1 549.9 550.8 556.6 557.5 559.4 560.8 561.2 562.5 563.5 565.6 568.5 569.5 571.1 571.9 573.5 574.2 575.7 576.4 577.1 579.4 584.5 585.3 586.4 588.1 590.4 592.2 592.7 595.7 598.4 599.5 601.2 601.7 602.9 603.6 604.1 604.8 605.7 607.0 612.0 613.0 621.0 622.9 623.4 625.9 627.2 629.5 632.2 633.3 635.2 636.5 637.2 638.7 639.7 642.0 643.0 647.5 650.5 651.5 653.3 654.0 655.8 656.8 657.7 658.9 670.7 1
test/video_test_0000718.mp4 1.0 4.5 29.7 33.0 40.5 1
test/video_test_0000903.mp4 10.4 12.5 14.3 16.7 19.9 21.7 23.3 25.6 27.8 29.1 31.1 34.0 35.7 37.3 38.4 39.8 40.3 41.6 43.9 45.9 47.7 48.9 50.5 53.0 57.7 59.4 61.5 63.8 65.7 68.3 70.3 72.5 73.9 75.9 76.7 78.4 79.5 81.3 83.1 85.0 86.5 88.6 90.2 91.6 93.5 96.0 99.2 101.3 104.0 105.8 108.6 111.4 114.4 116.0 118.0 119.6 121.3 123.4 124.1 126.7 129.6 131.8 133.4 136.5 139.0 140.1 141.9 143.7 145.6 147.4 149.3 150.8 152.8 153.9 157.2 158.9 162.2 162.9 165.6 166.9 172.2 174.8 177.1 178.4 180.6 182.2 184.8 187.0 189.7 190.9 194.2 196.3 197.7 199.0 201.7 202.9 205.2 207.4 209.8 211.5 213.2 215.7 217.8 219.7 220.7 221.9 223.6 225.0 227.7 228.9 230.7 231.9 233.4 235.7 240.0 241.5 245.2 247.7 251.6 252.6 253.7 255.6 258.1 259.4 260.9 263.4 265.7 267.0 269.3 271.3 273.1 274.3 276.7 278.8 281.4 282.6 284.9 287.6 289.8 291.4 294.1 295.2 315.1 1
test/video_test_0001064.mp4 8.3 12.1 14.1 15.9 16.9 19.5 21.7 23.8 24.8 27.7 29.6 32.1 37.9 39.6 42.3 44.7 46.2 48.0 50.2 51.8 54.2 55.5 58.8 61.1 63.3 65.2 66.3 68.6 72.7 74.5 77.2 78.7 82.0 83.4 88.4 89.4 90.9 92.4 95.9 97.2 105.6 108.3 109.7 112.1 113.0 114.0 116.4 118.8 119.7 121.1 123.5 125.3 132.2 133.6 138.4 140.2 146.9 149.4 150.2 152.5 156.7 158.8 160.2 161.7 163.7 165.7 168.4 170.0 172.9 174.9 177.4 178.9 179.7 181.0 183.4 185.2 186.8 188.4 188.8 191.3 192.5 193.3 193.9 195.9 198.1 200.3 202.2 203.4 204.4 205.6 206.7 208.5 211.8 214.3 215.5 218.0 224.7 225.9 232.2 234.2 239.4 242.5 275.7 1
test/video_test_0001257.mp4 5.6 7.8 8.5 9.9 11.7 13.4 16.1 18.5 22.5 24.5 28.4 30.9 33.6 35.6 39.6 41.3 46.5 48.0 49.9 51.0 55.5 56.9 58.2 59.6 63.6 64.4 68.1 69.2 75.0 76.2 80.1 81.2 82.4 84.2 85.6 87.4 88.5 89.9 94.2 95.7 96.8 98.4 99.6 100.5 105.6 108.3 110.5 112.2 113.2 114.1 116.9 118.2 120.2 121.2 122.3 123.3 124.9 126.1 128.6 129.5 130.4 131.2 133.1 134.0 134.5 135.7 136.3 137.1 140.4 141.1 144.2 145.5 151.3 152.2 154.8 155.8 160.5 161.9 163.0 164.9 166.3 167.8 172.0 172.7 176.9 177.6 180.7 181.9 185.5 187.7 189.8 191.0 193.3 194.8 200.9 202.7 210.3 212.3 216.5 218.4 222.3 224.0 225.2 226.3 230.6 232.4 238.7 239.9 241.2 243.1 247.6 1
test/video_test_0001343.mp4 12.0 13.9 27.8 30.4 49.1 51.3 67.8 70.5 76.4 80.7 138.5 140.6 163.3 166.5 169.3 171.9 302.0 306.2 308.4 311.1 416.0 1
test/video_test_0000051.mp4 51.7 55.8 67.3 70.0 79.8 82.4 93.9 97.7 107.4 110.0 115.9 2
test/video_test_0000412.mp4 165.9 167.6 169.5 173.0 175.2 177.8 207.3 2
test/video_test_0000556.mp4 4.8 5.7 21.2 22.5 33.6 35.0 45.9 50.4 62.4 63.4 67.6 2
test/video_test_0000558.mp4 32.1 34.8 40.2 42.9 47.6 48.7 63.4 64.6 71.1 73.0 78.7 79.5 86.0 87.1 94.0 95.4 101.5 103.6 109.1 109.7 119.2 120.7 124.4 125.8 134.5 136.9 148.1 148.9 163.2 164.7 175.2 176.8 178.0 179.0 186.5 187.7 194.4 195.4 200.9 2
test/video_test_0000577.mp4 106.9 111.0 164.3 2
test/video_test_0000771.mp4 46.2 47.9 58.1 59.4 64.3 66.1 87.1 88.5 95.2 96.7 120.4 121.8 160.5 161.6 170.7 171.2 171.7 174.2 180.0 180.8 188.7 189.6 223.1 2
test/video_test_0001075.mp4 6.9 10.7 15.3 16.6 18.6 22.4 28.4 29.0 33.6 35.7 38.9 39.6 44.7 46.7 57.2 58.2 64.6 65.6 71.0 74.1 76.3 77.3 83.3 84.5 89.0 89.4 91.2 92.0 94.6 95.8 104.2 106.8 108.4 110.8 113.2 115.7 117.8 119.9 126.0 126.8 131.3 133.6 137.3 138.6 149.9 153.1 154.8 156.4 159.2 160.3 166.9 169.7 171.5 173.5 177.0 178.2 182.6 183.7 187.0 188.6 193.4 197.1 200.8 201.9 202.4 203.9 206.9 208.5 211.4 2
test/video_test_0001146.mp4 16.1 25.6 31.2 35.8 39.1 40.3 50.2 51.7 60.0 62.0 70.4 75.4 88.6 92.9 100.6 101.2 113.7 118.9 124.8 125.5 130.3 131.2 139.2 143.3 146.7 150.6 153.6 156.3 164.7 169.0 171.9 174.0 179.7 180.1 185.3 187.7 192.6 194.3 197.5 199.2 203.5 204.6 210.3 212.7 217.3 2
test/video_test_0001247.mp4 85.8 92.6 93.2 2
test/video_test_0001267.mp4 16.3 21.6 29.1 34.2 56.4 59.8 66.6 69.3 118.2 122.9 125.9 2
test/video_test_0000058.mp4 1.9 26.6 27.3 113.9 113.9 3
test/video_test_0000504.mp4 0.3 66.3 66.3 3
test/video_test_0000505.mp4 4.1 14.2 17.1 24.6 25.3 31.0 32.5 39.5 39.8 45.6 50.4 56.1 62.2 70.9 75.8 91.0 92.5 99.4 100.4 109.6 112.2 119.8 123.4 138.2 141.1 149.4 176.9 191.0 238.1 3
test/video_test_0000617.mp4 0.0 6.1 7.6 20.3 22.5 30.1 38.1 44.2 45.3 51.4 52.2 61.3 63.4 68.5 70.0 75.5 81.4 100.2 110.7 126.2 126.9 137.5 137.9 150.6 151.2 164.0 169.3 181.1 181.8 205.7 208.2 220.3 220.6 233.4 238.9 249.9 251.4 264.4 265.4 275.7 277.4 293.0 326.8 3
test/video_test_0000635.mp4 0.0 8.4 8.8 17.5 18.1 27.0 27.3 31.4 31.4 3
test/video_test_0000698.mp4 1.1 14.8 16.9 3
test/video_test_0000737.mp4 20.1 43.2 80.3 90.9 116.6 134.8 147.6 3
test/video_test_0000740.mp4 0.0 5.6 5.8 12.5 12.5 18.4 35.3 40.9 43.7 49.5 52.1 56.9 128.5 133.8 133.6 140.1 140.1 144.0 411.3 3
test/video_test_0001164.mp4 8.7 21.1 22.7 40.7 42.8 58.4 61.2 77.3 82.8 98.7 99.1 109.5 111.3 122.3 124.4 134.2 135.3 146.2 148.9 161.2 164.2 179.9 184.2 186.1 198.4 212.0 213.6 223.7 227.4 239.3 248.1 254.8 259.4 269.4 271.0 277.5 279.9 290.6 295.1 298.6 325.9 333.3 345.1 351.9 356.8 364.9 391.5 401.3 419.1 433.0 459.5 467.3 486.0 492.7 502.0 512.2 516.6 522.1 542.8 547.7 585.0 600.1 650.3 658.0 671.7 679.4 705.4 706.5 708.5 709.8 713.5 714.6 727.8 733.0 733.4 736.4 739.9 742.5 746.1 748.9 751.9 755.5 803.8 808.2 808.5 812.5 812.7 816.4 816.7 824.7 826.5 833.6 836.5 840.1 846.3 3
test/video_test_0001270.mp4 0.0 4.8 5.8 7.5 8.2 10.1 10.7 12.4 12.9 14.6 15.9 20.4 21.3 24.6 26.2 30.2 31.2 36.3 37.4 41.1 41.9 46.4 48.2 52.2 53.9 57.9 59.6 65.5 69.3 75.5 77.8 84.7 88.1 100.3 101.4 113.7 115.3 129.5 130.0 141.1 143.2 152.4 155.9 173.2 175.5 186.8 188.8 199.8 201.4 212.6 214.2 222.1 226.9 230.5 264.8 3
test/video_test_0001307.mp4 12.1 28.4 39.0 54.5 77.7 91.6 103.7 124.8 140.3 160.0 175.9 198.1 204.5 3
test/video_test_0001468.mp4 0.0 6.4 7.5 12.1 12.4 19.9 22.0 26.6 26.9 32.0 32.4 37.2 37.8 44.5 46.7 49.8 50.1 58.0 58.3 61.8 62.2 67.5 68.1 73.4 73.9 80.0 80.2 86.1 86.4 90.7 90.9 95.3 96.0 99.5 100.3 105.1 105.4 113.6 137.2 143.5 144.4 153.2 184.5 3
test/video_test_0001483.mp4 6.1 13.9 18.1 30.7 41.5 3
test/video_test_0000131.mp4 19.3 23.0 19.3 23.0 25.8 29.4 25.8 29.4 30.0 33.8 30.0 33.8 34.6 37.4 34.6 37.4 39.5 42.1 39.5 42.1 53.5 56.4 53.5 56.4 66.2 72.2 66.2 72.2 77.2 80.5 77.2 80.5 89.3 94.0 89.3 94.0 107.3 110.7 107.3 110.7 113.6 116.7 113.6 116.7 122.2 125.6 122.2 125.6 130.6 4
test/video_test_0000173.mp4 94.7 98.0 94.7 98.0 98.9 102.3 98.9 102.3 118.0 121.5 118.0 121.5 131.3 134.9 131.3 134.9 135.9 139.2 135.9 139.2 178.6 183.1 178.6 183.1 191.5 4
test/video_test_0000278.mp4 17.9 20.4 17.9 20.4 22.4 24.7 22.4 24.7 25.9 30.0 25.9 30.0 30.6 33.8 30.6 33.8 34.4 37.9 34.4 37.9 40.0 42.0 40.0 42.0 43.0 46.3 43.0 46.3 46.8 48.6 46.8 48.6 51.6 53.2 51.6 53.2 54.4 56.0 54.4 56.0 57.3 59.1 57.3 59.1 59.5 61.5 59.5 61.5 62.9 66.5 62.9 66.5 70.8 73.0 70.8 73.0 81.0 82.5 81.0 82.5 83.0 85.3 83.0 85.3 85.7 87.6 85.7 87.6 89.4 91.5 89.4 91.5 93.8 95.4 93.8 95.4 97.3 98.7 97.3 98.7 98.9 100.4 98.9 100.4 102.8 106.2 102.8 106.2 109.4 111.1 109.4 111.1 118.5 120.4 118.5 120.4 120.8 122.3 120.8 122.3 125.7 129.2 125.7 129.2 132.2 135.9 132.2 135.9 136.5 138.0 136.5 138.0 140.3 141.8 140.3 141.8 142.6 144.4 142.6 144.4 148.8 151.3 148.8 151.3 152.6 154.5 152.6 154.5 160.4 162.4 160.4 162.4 166.4 170.2 166.4 170.2 171.8 176.1 171.8 176.1 178.2 179.9 178.2 179.9 182.4 184.3 182.4 184.3 187.7 190.5 187.7 190.5 215.1 4
test/video_test_0000285.mp4 53.9 57.5 53.9 57.5 57.8 62.3 57.8 62.3 73.5 82.5 73.5 82.5 82.9 93.6 82.9 93.6 126.8 134.6 126.8 134.6 156.8 164.6 156.8 164.6 192.8 4
test/video_test_0000357.mp4 7.6 10.0 7.6 10.0 19.4 21.3 19.4 21.3 21.6 24.2 21.6 24.2 24.9 30.2 24.9 30.2 43.1 46.2 43.1 46.2 61.9 64.6 61.9 64.6 79.9 82.5 79.9 82.5 86.4 90.4 86.4 90.4 126.8 4
test/video_test_0000437.mp4 12.2 13.4 12.2 13.4 15.4 17.6 15.4 17.6 17.8 19.4 17.8 19.4 19.5 20.9 19.5 20.9 22.2 30.3 22.2 30.3 38.2 41.1 38.2 41.1 63.6 64.9 63.6 64.9 87.3 90.7 87.3 90.7 95.2 101.2 95.2 101.2 104.2 113.8 104.2 113.8 116.3 119.3 116.3 119.3 120.0 124.5 120.0 124.5 128.7 131.1 128.7 131.1 133.1 135.1 133.1 135.1 138.1 142.0 138.1 142.0 142.6 147.4 142.6 147.4 150.1 152.9 150.1 152.9 153.7 157.2 153.7 157.2 159.9 163.0 159.9 163.0 163.1 166.8 163.1 166.8 169.4 172.6 169.4 172.6 173.5 180.6 173.5 180.6 183.3 186.3 183.3 186.3 187.3 194.4 187.3 194.4 204.4 4
test/video_test_0000673.mp4 28.0 32.3 28.0 32.3 34.4 37.1 34.4 37.1 40.3 44.8 40.3 44.8 49.7 53.1 49.7 53.1 58.1 63.2 58.1 63.2 63.3 66.3 63.3 66.3 67.6 70.3 67.6 70.3 73.9 76.8 73.9 76.8 79.1 83.6 79.1 83.6 90.2 94.4 90.2 94.4 94.6 100.9 94.6 100.9 112.5 116.6 112.5 116.6 120.7 126.5 120.7 126.5 138.6 142.9 138.6 142.9 145.6 151.8 145.6 151.8 153.3 158.9 153.3 158.9 170.0 4
test/video_test_0000724.mp4 2.6 4.6 2.6 4.6 9.1 10.3 9.1 10.3 14.2 15.7 14.2 15.7 19.6 21.2 19.6 21.2 25.0 27.4 25.0 27.4 33.1 34.3 33.1 34.3 41.8 43.9 41.8 43.9 51.2 53.0 51.2 53.0 55.0 57.1 55.0 57.1 59.9 62.4 59.9 62.4 65.8 67.7 65.8 67.7 71.0 72.9 71.0 72.9 76.5 80.1 76.5 80.1 82.8 85.8 82.8 85.8 89.8 92.4 89.8 92.4 96.1 98.4 96.1 98.4 100.6 103.3 100.6 103.3 106.9 108.8 106.9 108.8 110.4 113.9 110.4 113.9 114.9 117.6 114.9 117.6 120.3 123.7 120.3 123.7 126.4 129.2 126.4 129.2 132.5 134.8 132.5 134.8 137.0 138.9 137.0 138.9 140.8 143.3 140.8 143.3 144.9 4
test/video_test_0000730.mp4 8.2 11.4 8.2 11.4 16.1 19.4 16.1 19.4 19.9 25.0 19.9 25.0 27.1 30.1 27.1 30.1 34.6 37.7 34.6 37.7 42.6 45.8 42.6 45.8 46.1 48.4 46.1 48.4 53.9 57.5 53.9 57.5 58.4 61.2 58.4 61.2 68.8 71.6 68.8 71.6 79.2 87.5 79.2 87.5 106.3 4
test/video_test_0000785.mp4 3.4 5.6 3.4 5.6 43.3 45.6 43.3 45.6 87.8 4
test/video_test_0000844.mp4 22.0 24.6 22.0 24.6 94.1 101.2 94.1 101.2 117.6 121.8 117.6 121.8 163.7 167.7 163.7 167.7 169.3 4
test/video_test_0000940.mp4 35.3 54.8 35.3 54.8 68.3 69.5 79.4 83.8 79.4 83.8 84.1 88.8 84.1 88.8 89.2 90.1 89.2 90.1 93.1 4
test/video_test_0001076.mp4 10.8 13.4 10.8 13.4 14.0 16.8 14.0 16.8 19.0 21.8 19.0 21.8 26.8 28.7 26.8 28.7 29.0 31.9 29.0 31.9 32.6 37.0 32.6 37.0 58.3 61.4 58.3 61.4 64.6 4
test/video_test_0001134.mp4 5.9 12.1 5.9 12.1 15.4 20.6 15.4 20.6 46.3 50.9 46.3 50.9 66.1 71.9 66.1 71.9 79.4 82.6 79.4 82.6 94.9 98.2 94.9 98.2 101.2 104.3 101.2 104.3 127.5 145.8 127.5 145.8 158.9 162.3 158.9 162.3 183.8 4
test/video_test_0001339.mp4 0.2 3.5 0.2 3.5 3.7 7.0 3.7 7.0 7.2 10.2 7.2 10.2 10.6 12.7 10.6 12.7 12.9 17.1 12.9 17.1 20.0 21.8 20.0 21.8 22.6 24.1 22.6 24.1 24.4 27.1 24.4 27.1 28.5 29.8 28.5 29.8 31.9 35.5 31.9 35.5 40.4 42.0 40.4 42.0 42.2 43.9 42.2 43.9 44.1 46.2 44.1 46.2 51.3 56.1 51.3 56.1 56.3 58.2 56.3 58.2 60.6 62.7 60.6 62.7 62.7 64.4 62.7 64.4 64.6 66.6 64.6 66.6 72.9 74.9 72.9 74.9 77.0 79.0 77.0 79.0 81.7 82.7 81.7 82.7 84.3 85.5 84.3 85.5 85.8 87.8 85.8 87.8 88.0 90.0 88.0 90.0 91.1 92.2 91.1 92.2 92.4 94.4 92.4 94.4 94.8 96.6 94.8 96.6 97.0 98.5 97.0 98.5 98.8 101.2 98.8 101.2 103.0 106.8 103.0 106.8 107.2 108.7 107.2 108.7 110.8 112.0 110.8 112.0 112.2 114.4 112.2 114.4 115.0 116.1 115.0 116.1 117.3 119.5 117.3 119.5 122.1 124.0 122.1 124.0 124.5 125.5 124.5 125.5 125.7 126.8 125.7 126.8 126.9 128.5 126.9 128.5 128.5 130.2 128.5 130.2 130.3 132.0 130.3 132.0 132.1 136.8 132.1 136.8 156.2 4
test/video_test_0001558.mp4 0.0 1.9 0.0 1.9 45.3 46.7 45.3 46.7 87.2 88.4 87.2 88.4 142.7 4
test/video_test_0000004.mp4 0.2 1.1 1.0 1.5 11.4 12.2 18.6 20.8 20.8 22.3 28.3 29.7 30.3 31.7 33.7 5
test/video_test_0000273.mp4 8.6 12.1 10.8 12.9 16.8 18.0 17.4 17.9 24.6 27.6 26.5 27.7 37.1 39.7 38.7 39.9 42.4 43.3 42.6 43.5 50.5 52.5 52.3 52.7 63.6 66.4 65.0 66.9 75.8 77.9 77.0 78.0 91.9 94.6 93.3 95.6 104.0 106.7 105.8 106.9 116.0 118.2 117.4 118.4 128.6 5
test/video_test_0000353.mp4 27.9 29.1 29.7 30.9 31.8 33.1 33.8 34.9 34.2 34.8 35.2 36.2 35.5 36.5 37.9 38.9 38.2 39.4 40.1 41.6 40.4 41.8 42.1 43.0 47.0 48.1 47.4 48.1 48.6 49.3 48.8 49.6 51.1 51.8 51.4 52.1 72.1 5
test/video_test_0000392.mp4 17.4 20.4 19.1 21.0 21.5 24.3 24.9 28.9 27.5 29.2 31.7 34.8 38.2 45.6 46.5 50.2 48.1 50.3 61.4 64.0 64.8 66.9 68.0 72.5 74.6 76.3 95.8 97.3 110.3 5
test/video_test_0000549.mp4 10.5 11.9 11.4 13.2 14.4 15.9 17.7 21.0 21.9 23.0 22.8 24.2 31.7 33.3 43.1 54.7 54.8 57.2 71.5 5
test/video_test_0000569.mp4 2.2 3.3 2.7 3.8 13.5 14.4 48.4 49.7 49.3 50.3 65.0 66.0 88.0 5
test/video_test_0000622.mp4 7.3 8.1 7.9 8.5 12.5 12.9 13.4 13.8 18.6 19.1 19.5 20.2 20.1 20.7 25.2 25.7 26.1 26.9 31.2 32.5 34.6 35.7 34.7 36.1 39.5 40.5 41.4 42.3 45.3 46.6 46.2 46.9 61.1 62.4 62.0 62.7 66.7 67.7 67.6 68.3 73.8 74.9 76.0 77.0 76.8 77.2 81.4 83.4 83.0 84.2 86.9 88.8 89.0 90.2 89.9 90.7 94.0 95.9 95.9 97.5 101.1 102.1 102.2 102.7 107.6 108.8 108.2 109.2 113.0 113.8 123.3 124.4 124.3 124.8 128.1 129.5 129.4 130.4 132.9 133.9 133.6 134.1 137.6 140.4 141.3 142.4 142.3 142.8 151.1 152.3 152.1 153.0 154.3 155.0 154.7 155.1 158.4 158.9 159.4 160.1 164.6 166.9 172.9 174.7 174.1 174.9 178.3 179.8 179.7 181.0 189.2 190.0 189.8 190.7 205.3 5
test/video_test_0000786.mp4 3.8 5.9 15.9 20.3 31.9 34.1 33.3 34.8 52.6 54.7 53.5 54.9 79.9 82.2 81.8 83.4 98.0 5
test/video_test_0000796.mp4 12.5 13.5 22.1 24.0 23.3 24.4 30.1 31.3 31.0 31.9 35.9 37.9 37.3 38.2 46.6 47.6 47.3 48.3 53.9 54.9 54.5 55.6 60.2 61.5 61.1 62.1 72.6 73.7 73.0 74.3 77.8 79.1 77.9 78.8 88.1 90.0 89.4 90.7 104.1 105.4 105.1 106.1 119.7 121.9 121.0 122.0 127.2 5
test/video_test_0000798.mp4 16.2 19.8 35.1 38.9 55.8 59.3 87.4 88.7 88.2 89.6 92.5 100.1 108.6 5
test/video_test_0000897.mp4 10.4 13.4 17.6 21.2 33.3 37.0 52.8 56.5 65.0 67.6 88.6 91.0 97.6 103.3 103.4 105.1 105.2 107.0 120.0 5
test/video_test_0000981.mp4 4.0 5.0 22.4 25.6 27.9 5
test/video_test_0001194.mp4 7.1 8.2 12.0 12.9 15.8 16.8 16.9 18.6 23.0 23.7 23.8 24.4 24.5 25.4 27.1 28.7 33.3 34.3 34.9 35.2 36.1 37.2 38.6 39.3 40.2 40.8 42.2 43.7 45.2 46.1 51.2 51.9 54.0 55.6 59.7 61.0 63.6 64.9 83.0 83.8 86.2 86.8 86.8 87.9 88.0 88.7 88.8 89.5 91.8 92.3 92.6 93.0 99.4 100.2 100.2 100.9 101.0 101.6 101.7 102.4 105.2 105.9 106.0 106.4 107.4 107.8 108.0 108.4 108.8 109.0 114.9 115.6 129.0 5
test/video_test_0001313.mp4 18.3 22.4 21.1 22.6 23.2 26.5 27.2 37.8 36.1 37.8 38.1 42.2 74.2 79.0 79.6 81.2 81.7 84.9 85.4 89.4 93.7 97.0 99.8 102.4 103.3 105.0 111.2 113.7 118.4 121.6 122.4 125.7 151.0 154.1 155.4 158.3 160.2 163.6 162.2 164.7 173.9 5
test/video_test_0001358.mp4 0.1 0.9 1.2 1.8 2.1 2.8 129.5 132.7 160.8 164.0 166.3 168.3 180.8 182.2 186.0 191.8 193.1 194.5 194.0 195.0 199.6 202.3 219.4 5
test/video_test_0001460.mp4 2.2 3.2 2.9 3.6 14.2 15.4 29.0 5
test/video_test_0000405.mp4 54.6 58.2 60.9 63.9 76.4 78.3 91.0 93.1 110.0 112.7 114.2 117.3 129.6 132.6 134.3 135.4 136.4 137.6 139.1 140.2 141.4 142.8 143.6 144.4 145.4 147.0 148.4 149.8 150.8 152.3 155.6 156.5 157.7 158.4 161.5 162.6 165.0 166.3 169.6 170.6 172.0 173.6 174.6 175.6 178.1 179.6 183.8 6
test/video_test_0000448.mp4 16.0 17.1 59.0 59.8 62.9 63.4 66.1 67.7 100.4 6
test/video_test_0001276.mp4 8.6 10.4 13.0 15.3 17.3 19.3 21.5 23.4 26.4 27.8 33.6 35.5 41.2 43.0 47.0 48.4 62.2 6
test/video_test_0001325.mp4 36.0 38.0 47.8 51.6 92.4 94.5 150.4 152.1 175.0 6
test/video_test_0001496.mp4 19.7 21.1 37.1 38.9 39.5 41.2 57.4 58.7 59.5 61.3 73.6 75.5 76.1 78.6 80.2 81.4 89.8 91.0 91.8 93.5 94.7 96.4 98.0 99.2 109.7 110.8 111.5 114.1 129.8 130.2 134.0 135.9 141.5 142.8 142.9 144.8 150.9 6
test/video_test_0000085.mp4 170.6 172.6 212.7 217.2 220.6 7
test/video_test_0000254.mp4 22.8 24.2 24.8 26.5 26.8 28.2 28.7 30.4 30.6 32.2 35.8 37.3 39.0 41.3 42.2 44.4 45.3 47.4 48.6 50.3 51.5 53.5 54.1 56.4 56.8 58.8 59.3 61.3 62.8 64.3 64.9 67.0 68.1 69.9 70.7 72.7 76.1 78.3 78.9 80.7 82.2 84.9 86.2 88.2 88.5 90.1 90.6 92.9 93.8 96.0 96.4 98.6 99.7 101.5 101.6 103.8 104.2 106.6 108.0 110.0 111.4 112.7 113.5 117.1 117.6 119.4 120.8 122.9 123.5 125.4 126.1 128.0 128.9 130.9 131.4 133.9 134.3 137.3 137.6 141.2 141.7 145.5 148.8 150.5 150.5 154.8 155.1 157.3 157.6 159.4 159.8 161.6 162.0 163.9 164.6 166.4 166.8 168.9 169.2 170.7 170.8 173.2 173.5 175.1 175.2 176.7 177.4 179.4 179.8 181.2 181.4 183.2 184.1 186.5 186.6 188.2 188.9 190.8 190.9 193.2 194.1 195.6 195.8 202.7 209.7 7
test/video_test_0000461.mp4 1.5 4.9 5.4 9.2 19.7 23.2 29.3 32.5 42.9 44.8 51.1 53.7 68.1 70.8 75.3 76.9 78.8 80.8 81.3 82.6 90.4 92.3 94.6 97.0 98.1 99.6 116.1 117.8 124.0 7
test/video_test_0000602.mp4 1.5 3.6 6.5 8.7 9.4 12.2 25.1 29.3 32.7 35.0 36.3 42.4 42.8 48.2 54.5 59.0 60.7 62.8 63.0 65.9 66.6 68.7 68.9 71.7 72.6 79.8 81.4 87.5 89.4 95.2 96.9 105.2 105.7 116.2 117.7 123.9 124.1 129.5 132.5 139.4 141.0 145.9 146.5 148.7 149.3 157.1 158.6 161.3 161.8 163.5 164.3 169.2 171.1 175.7 177.2 182.4 184.4 187.2 207.7 7
test/video_test_0000624.mp4 0.0 1.8 15.8 19.0 19.1 23.1 27.4 29.8 35.7 37.6 49.8 53.9 58.8 62.0 69.7 74.3 74.6 77.4 119.7 7
test/video_test_0000807.mp4 3.5 5.6 8.9 11.6 20.5 23.4 33.1 34.6 45.4 47.6 53.8 56.6 62.7 65.5 70.9 72.2 104.1 106.3 111.1 112.9 117.2 119.0 130.3 133.1 138.9 141.3 151.9 153.4 154.7 156.4 159.2 7
test/video_test_0000989.mp4 3.5 5.1 7.3 13.0 22.0 23.7 29.9 32.3 35.2 41.1 42.1 43.9 59.5 62.1 65.1 73.2 74.9 77.6 79.0 87.0 91.3 93.4 97.4 101.5 105.0 107.7 111.7 113.7 116.0 121.3 121.9 124.1 125.3 132.8 136.3 138.6 140.2 141.8 145.6 150.9 152.2 154.7 157.5 159.3 193.4 7
test/video_test_0001081.mp4 16.2 18.5 52.9 55.8 105.9 108.6 117.1 7
test/video_test_0001309.mp4 2.1 4.2 6.6 13.9 20.8 23.7 29.7 41.6 44.0 52.5 84.8 7
test/video_test_0001532.mp4 4.7 14.6 24.2 28.5 32.1 37.5 38.7 42.4 42.5 45.5 121.4 127.1 213.3 217.0 220.4 221.7 238.7 7
test/video_test_0000413.mp4 2.5 4.8 6.3 9.0 9.6 11.4 12.2 14.5 17.2 19.8 22.2 27.1 32.0 35.2 42.7 8
test/video_test_0000672.mp4 2.2 5.6 7.7 10.6 19.4 24.9 40.9 8
test/video_test_0001135.mp4 7.9 10.4 16.7 27.5 29.7 38.4 47.6 8
test/video_test_0001433.mp4 4.3 14.6 19.6 8
test/video_test_0001508.mp4 4.9 7.6 13.3 15.7 39.3 42.3 50.5 53.4 56.5 59.7 62.2 63.9 64.4 66.0 66.5 68.1 68.8 72.0 78.3 82.1 84.3 87.4 95.2 96.5 97.0 101.7 103.9 107.8 110.3 112.1 112.5 114.7 115.8 118.3 122.9 125.9 126.1 128.9 129.5 130.9 136.8 138.6 142.9 145.2 155.5 157.2 157.2 159.9 166.2 168.5 186.5 8
test/video_test_0001512.mp4 10.7 17.2 25.5 33.7 52.7 8
test/video_test_0001549.mp4 3.1 4.7 4.9 5.9 6.1 6.8 7.8 10.2 57.7 61.0 70.6 74.5 107.3 111.0 114.8 8
test/video_test_0000028.mp4 20.0 24.0 29.4 32.8 38.2 40.2 42.2 44.4 45.4 47.4 55.0 58.5 61.4 64.2 66.6 70.2 72.1 76.8 93.5 96.8 99.7 104.0 105.4 109.4 113.9 117.4 131.9 135.8 145.8 9
test/video_test_0000046.mp4 79.2 84.0 128.1 132.7 147.4 150.9 170.5 173.6 177.8 9
test/video_test_0000113.mp4 60.8 79.0 86.1 9
test/video_test_0000238.mp4 9.6 15.7 21.0 31.8 38.5 78.2 81.6 89.3 102.6 9
test/video_test_0000611.mp4 88.6 90.9 124.1 129.6 158.2 159.9 178.6 9
test/video_test_0000847.mp4 0.5 3.3 221.6 232.1 235.9 9
test/video_test_0001127.mp4 25.8 49.8 50.1 69.9 165.6 169.8 180.8 9
test/video_test_0001163.mp4 5.2 8.0 22.4 25.6 33.8 40.5 46.9 66.0 78.4 83.0 100.7 9
test/video_test_0000270.mp4 0.4 1.5 14.6 22.6 60.1 66.1 78.7 84.8 98.7 104.9 119.7 130.2 144.8 151.2 176.1 10
test/video_test_0000372.mp4 6.0 14.0 16.5 22.7 26.3 34.1 37.7 43.1 45.0 59.0 64.3 70.4 79.9 88.7 92.3 128.1 131.5 139.9 144.6 151.6 157.4 198.1 200.9 207.5 219.5 227.6 228.5 236.6 241.8 248.9 250.4 258.3 260.5 292.3 293.9 10
test/video_test_0000443.mp4 0.0 7.1 23.6 33.4 48.2 55.8 72.9 79.8 112.9 119.8 133.4 139.8 164.2 171.9 195.0 199.9 237.2 245.4 262.6 270.3 291.3 10
test/video_test_0000882.mp4 11.4 17.3 17.5 23.2 29.3 36.8 42.1 46.8 49.6 55.5 59.8 66.5 76.4 81.9 82.8 90.1 95.3 103.1 107.6 113.7 118.1 124.0 124.7 129.3 135.5 142.1 147.1 156.1 162.9 172.0 178.1 185.4 190.3 196.5 201.6 207.6 208.0 213.7 219.0 224.3 233.1 239.1 248.3 10
test/video_test_0000950.mp4 11.6 20.8 41.2 47.4 82.6 91.1 101.4 113.2 131.9 140.1 154.7 163.5 209.6 218.8 249.4 260.7 272.9 279.7 298.3 305.6 336.6 342.6 359.3 369.7 390.9 396.3 418.8 425.6 452.0 456.6 477.4 490.2 517.0 523.1 554.3 562.0 580.8 591.0 604.0 612.0 632.9 643.2 668.6 675.8 698.2 708.5 736.0 742.2 767.0 777.9 799.0 804.0 823.6 831.7 884.8 888.2 912.2 922.9 953.6 960.2 973.5 983.6 993.0 998.6 1021.7 1028.2 1046.8 1054.8 1083.8 1091.7 1117.2 1128.0 1170.3 1181.7 1205.6 1216.1 1249.9 1254.4 1276.6 1284.9 1315.3 10
test/video_test_0001058.mp4 0.6 8.2 25.7 33.9 55.0 64.5 79.1 86.6 103.8 109.2 127.4 134.5 155.7 160.8 174.2 182.9 199.2 202.9 225.7 232.3 245.7 252.9 261.8 267.1 288.1 295.3 304.4 309.3 332.6 339.9 352.3 359.9 375.9 385.2 390.2 399.9 417.0 422.6 423.4 429.3 444.9 451.3 479.8 489.5 508.9 514.6 517.0 518.6 529.8 535.3 555.2 560.8 581.0 586.5 594.4 601.8 606.6 612.2 624.1 630.0 647.6 652.0 673.0 680.1 697.9 703.4 714.0 724.2 747.8 754.3 761.0 768.6 780.5 785.9 809.2 816.3 833.5 843.0 861.8 867.5 884.0 892.2 908.8 917.1 934.8 940.7 965.8 10
test/video_test_0001072.mp4 6.8 14.7 38.2 44.6 62.4 76.8 93.3 100.1 116.9 131.6 154.3 160.0 181.4 194.4 247.3 255.5 284.8 10
test/video_test_0001229.mp4 25.0 32.3 34.9 40.3 41.3 46.5 51.6 57.1 60.1 64.5 74.7 80.4 84.3 88.7 89.3 93.8 94.0 100.0 114.2 121.2 121.9 130.8 135.9 141.7 148.0 155.0 164.0 171.2 173.1 179.2 179.8 189.6 212.8 218.1 218.5 223.4 228.8 233.2 234.4 238.6 240.2 10
test/video_test_0001431.mp4 33.0 41.3 60.3 65.1 71.1 79.0 107.9 118.7 136.0 142.2 146.5 150.6 157.8 161.7 213.1 220.3 238.0 242.0 245.9 250.0 299.0 306.2 321.8 327.7 328.5 333.4 358.2 10
test/video_test_0000188.mp4 14.0 17.7 22.3 27.2 91.2 103.9 504.6 510.6 513.2 517.8 538.7 11
test/video_test_0000220.mp4 37.2 43.9 53.5 56.0 56.9 67.6 97.5 104.1 129.8 132.9 134.0 136.3 136.9 142.0 177.3 184.1 196.5 205.3 207.7 214.1 234.6 237.6 238.8 243.7 245.9 11
test/video_test_0000308.mp4 25.0 28.6 29.7 31.8 40.6 43.7 64.5 68.6 70.0 73.4 75.3 78.1 89.4 94.9 98.0 101.7 130.9 136.1 136.8 140.3 147.8 151.9 181.7 186.0 198.4 201.3 237.7 240.9 242.0 11
test/video_test_0000367.mp4 0.0 3.7 8.7 10.6 64.8 69.3 69.6 71.0 80.2 84.2 89.2 90.9 91.9 92.5 94.4 96.0 102.1 103.6 103.7 104.3 104.4 104.8 110.8 113.4 147.6 149.2 154.6 156.7 174.1 181.5 186.3 192.4 199.5 200.8 222.3 11
test/video_test_0000442.mp4 7.3 10.9 11.4 14.6 15.7 20.9 21.7 35.3 50.7 52.9 55.3 57.4 58.4 72.0 134.0 140.5 154.9 11
test/video_test_0000538.mp4 0.0 4.1 4.6 11.2 12.6 18.4 19.0 23.1 23.6 29.9 38.5 43.8 50.8 57.0 59.4 63.9 65.9 70.9 85.6 89.3 93.7 98.8 101.4 104.8 106.4 109.6 125.9 129.9 133.0 136.7 162.1 165.6 182.4 11
test/video_test_0000839.mp4 11.0 14.0 22.7 28.0 28.8 30.6 32.4 38.4 39.3 42.1 44.6 46.8 66.6 73.1 74.9 79.7 81.5 87.7 89.7 92.3 95.6 101.9 105.7 111.5 115.3 121.9 136.1 142.7 144.5 150.2 155.1 160.4 163.8 169.4 174.7 178.9 179.9 183.9 185.8 193.7 196.9 205.0 206.7 209.6 212.3 219.1 223.8 231.9 233.9 241.4 248.7 255.5 264.5 270.9 272.7 278.3 281.7 286.6 289.6 295.6 299.5 305.6 309.8 317.4 318.8 324.9 331.4 335.7 339.9 345.3 353.5 362.0 382.7 11
test/video_test_0000887.mp4 48.0 51.3 52.2 56.6 57.9 62.7 65.1 70.1 157.4 163.5 167.2 171.1 171.7 174.4 177.5 180.3 182.1 188.2 249.1 269.4 271.4 317.7 361.0 382.0 386.3 11
test/video_test_0000896.mp4 18.6 24.8 29.1 34.8 41.0 47.4 57.2 64.0 69.4 78.7 82.4 88.6 89.8 94.8 226.6 11
test/video_test_0001008.mp4 7.3 13.8 17.5 20.3 26.0 31.6 37.5 42.9 46.1 49.1 55.5 62.5 68.0 73.5 80.0 86.8 90.8 93.3 95.7 99.3 99.4 11
test/video_test_0001098.mp4 1.0 26.3 27.0 33.0 33.5 51.2 51.7 56.5 59.2 69.9 72.9 91.2 93.2 100.8 101.2 109.2 109.8 112.6 112.9 122.0 122.4 129.7 132.1 142.7 143.7 152.5 154.0 163.2 166.2 11
test/video_test_0000007.mp4 275.6 278.8 281.3 284.6 310.2 313.2 316.5 319.3 347.4 349.8 351.5 354.7 358.8 362.5 390.7 394.6 398.9 402.2 431.3 434.5 436.4 439.9 468.4 472.3 482.7 12
test/video_test_0000293.mp4 195.6 198.4 210.2 216.3 233.4 12
test/video_test_0000864.mp4 31.2 39.5 40.3 46.4 61.9 69.7 124.2 131.2 132.5 139.6 161.1 164.5 167.2 174.5 187.7 194.0 195.4 12
test/video_test_0001159.mp4 9.2 17.1 32.4 40.2 112.8 118.3 184.3 193.0 213.2 220.6 312.8 323.3 342.7 352.3 381.5 385.2 415.5 422.7 474.2 479.9 495.3 500.6 603.6 12
test/video_test_0001195.mp4 15.1 22.5 31.0 36.2 104.1 110.8 120.8 128.3 154.5 160.6 169.7 175.0 196.2 208.2 217.5 224.2 266.2 274.2 284.4 290.8 334.4 344.6 353.7 358.4 390.0 397.6 409.4 414.0 445.6 452.3 466.0 470.4 515.5 523.3 536.1 542.7 578.0 586.0 600.6 605.7 622.3 627.5 641.2 647.6 674.3 685.3 694.6 700.7 728.2 735.6 781.7 789.4 801.4 806.8 866.2 872.2 880.9 885.6 899.5 12
test/video_test_0001209.mp4 61.0 66.3 77.7 81.4 156.6 164.2 187.5 197.5 222.2 225.2 250.9 258.6 267.7 273.2 283.3 286.9 311.6 316.1 351.0 12
test/video_test_0001255.mp4 0.0 7.1 16.7 23.6 69.2 80.0 104.0 114.5 155.9 165.3 241.8 248.4 260.2 270.5 318.4 328.1 342.6 351.5 398.8 406.1 495.3 504.3 515.8 522.3 528.8 532.6 545.3 553.8 579.2 586.6 593.2 597.7 616.1 624.2 635.0 637.0 649.5 658.0 701.9 713.2 723.7 730.3 776.8 781.8 793.7 804.6 830.0 842.4 855.2 864.3 891.2 905.1 927.7 934.3 944.7 951.4 1001.4 1006.4 1019.0 1025.4 1057.0 1075.1 1133.3 1140.1 1155.5 1159.7 1168.8 1174.1 1187.4 1197.1 1203.8 1208.6 1262.9 12
test/video_test_0001314.mp4 22.4 34.8 35.7 42.1 53.1 65.3 70.9 92.1 104.1 112.2 115.5 123.5 126.1 132.2 138.5 154.8 157.6 162.6 165.6 172.6 181.3 191.1 196.8 203.9 209.6 218.2 220.1 227.9 237.6 244.3 253.7 264.2 268.9 275.9 280.0 321.6 344.7 12
test/video_test_0001391.mp4 9.3 13.2 18.4 24.7 36.8 39.8 42.6 46.9 59.9 63.2 70.6 74.4 83.5 86.8 89.3 93.5 141.3 144.1 149.7 153.4 155.0 161.7 163.4 173.0 176.0 182.9 220.1 222.8 226.3 228.9 233.4 238.9 239.6 243.5 249.1 255.8 265.2 266.4 310.1 12
test/video_test_0001446.mp4 26.6 32.2 37.5 40.5 45.0 49.4 55.2 59.9 63.8 68.0 72.5 75.0 83.8 92.9 97.2 107.7 114.2 120.6 121.0 125.5 126.1 132.2 136.8 140.8 149.9 156.5 159.1 173.9 174.6 180.0 185.0 191.0 197.8 204.5 211.9 218.1 218.8 225.2 229.0 234.8 235.3 239.5 239.7 254.3 256.3 262.0 268.3 273.7 285.6 12
test/video_test_0000062.mp4 1.4 5.1 10.3 14.5 14.9 13
test/video_test_0000242.mp4 0.0 6.7 11.8 20.7 46.9 13
test/video_test_0000355.mp4 233.1 240.1 245.5 248.2 645.9 13
test/video_test_0000379.mp4 8.2 17.0 23.9 38.4 39.2 47.3 74.6 81.3 88.7 101.9 130.0 136.7 185.9 191.8 199.6 212.2 243.1 249.5 287.2 295.3 302.1 315.9 317.1 328.3 346.0 353.3 359.6 373.6 374.9 384.4 434.9 439.4 447.5 462.4 463.0 475.6 496.2 503.2 538.9 545.5 581.7 588.0 597.3 609.6 656.5 663.3 671.5 684.8 687.5 697.5 756.8 768.7 777.8 784.1 801.0 808.5 815.4 829.2 848.2 13
test/video_test_0001079.mp4 350.6 352.6 353.1 355.6 356.2 371.4 372.6 374.6 382.1 386.7 394.1 399.3 459.5 465.2 465.3 479.2 490.7 13
test/video_test_0001219.mp4 0.4 5.9 18.1 26.1 140.8 146.3 153.2 13
test/video_test_0001281.mp4 36.2 40.2 40.8 52.3 53.5 59.1 70.4 13
test/video_test_0001369.mp4 34.5 43.3 57.3 60.8 61.4 67.1 81.9 89.5 106.8 110.2 127.8 135.8 151.2 156.1 169.5 178.9 196.0 199.2 218.7 227.0 243.1 245.7 246.1 252.3 263.7 274.0 288.2 293.6 305.6 314.7 324.8 332.4 351.6 355.5 366.2 374.4 389.9 394.3 395.0 402.5 409.9 416.9 431.5 434.6 436.9 442.3 458.2 465.3 488.5 496.3 515.3 524.8 576.6 13
test/video_test_0001459.mp4 4.6 15.2 66.8 76.5 90.2 99.6 145.5 153.5 161.0 168.6 175.8 183.8 208.3 212.1 217.4 227.6 234.8 248.3 259.3 269.2 282.6 289.1 315.1 325.1 349.5 360.2 368.3 372.8 383.0 392.1 432.7 441.0 477.2 489.4 498.0 511.9 517.0 526.1 532.0 538.7 543.8 551.8 557.2 568.8 569.3 577.6 592.2 598.4 613.9 622.2 632.4 644.0 654.8 663.6 678.1 684.5 696.4 706.2 716.7 724.8 737.4 744.9 759.1 766.6 782.8 791.4 802.1 811.5 814.7 13
test/video_test_0001495.mp4 0.0 8.9 22.8 27.0 31.7 37.0 43.2 52.7 61.6 65.3 69.2 78.6 98.3 108.9 116.0 119.1 123.1 131.3 144.8 152.1 159.9 166.2 170.5 174.1 181.8 191.3 201.6 207.2 212.5 216.4 244.7 253.4 264.0 268.7 274.5 278.2 298.8 306.2 318.6 324.4 328.8 335.2 343.2 352.8 361.7 365.2 368.8 375.4 389.5 396.5 407.6 415.3 418.4 423.8 436.0 446.1 455.2 463.4 464.5 470.8 487.5 496.3 506.7 510.6 514.4 519.1 528.6 13
test/video_test_0000444.mp4 12.4 22.9 36.2 42.7 55.0 63.0 77.0 85.7 94.4 105.3 113.1 118.0 129.6 138.6 157.0 14
test/video_test_0000464.mp4 27.7 32.1 32.9 46.5 48.3 55.1 55.8 68.3 73.3 80.0 80.9 95.4 97.2 104.9 105.8 117.2 123.9 129.8 130.4 143.7 145.8 152.5 152.9 165.8 172.2 179.6 180.7 194.1 200.0 207.3 207.7 221.5 225.3 230.7 232.5 246.5 249.6 256.0 257.5 270.5 276.3 282.0 285.7 298.2 307.5 316.0 317.7 331.9 347.3 357.1 365.0 375.9 382.8 390.4 391.7 404.3 408.9 412.4 416.4 429.5 436.4 447.1 451.7 465.1 469.6 476.8 477.3 489.7 491.4 497.8 503.7 516.8 535.3 542.8 549.0 562.3 710.0 14
test/video_test_0000626.mp4 0.0 7.1 7.4 13.4 13.7 18.5 29.4 35.9 53.9 61.1 78.4 83.1 84.0 88.0 92.7 95.5 99.0 104.6 111.1 114.5 118.4 122.5 124.3 128.4 135.1 138.7 153.3 159.3 210.0 218.0 220.9 226.3 233.1 240.7 242.7 247.1 255.1 14
test/video_test_0000665.mp4 9.9 15.8 19.9 22.6 23.2 25.2 26.3 29.0 29.4 31.2 34.8 37.0 37.2 40.6 64.9 66.7 67.3 70.1 88.6 89.9 90.1 92.6 97.9 100.1 100.2 103.8 113.7 116.3 119.3 122.4 122.9 125.5 128.3 131.0 134.1 137.4 141.0 143.5 144.8 147.2 153.1 157.8 158.1 160.3 161.1 164.0 164.3 167.7 168.6 171.3 174.5 177.5 182.3 184.6 184.9 190.2 198.2 205.8 210.4 213.8 214.7 220.1 220.8 224.3 224.7 227.2 228.5 230.6 230.9 238.3 242.1 245.2 262.9 266.7 270.7 274.5 274.8 282.9 287.0 292.9 296.4 299.0 310.6 314.4 344.7 14
test/video_test_0000793.mp4 12.3 22.0 35.2 43.7 48.9 60.3 61.8 71.7 77.6 89.5 90.5 102.7 111.0 119.8 121.3 138.4 143.3 152.1 153.9 162.7 176.1 184.4 187.8 195.8 198.6 206.4 211.3 219.6 223.7 231.8 236.8 245.3 251.7 261.3 270.9 278.7 285.3 293.0 304.0 311.6 331.5 340.5 347.1 357.7 378.5 387.4 407.0 416.4 434.2 442.8 449.8 459.7 475.7 484.9 555.0 565.3 567.7 576.6 582.4 595.6 616.2 626.8 648.7 657.5 665.9 676.9 677.6 688.2 703.2 712.7 713.5 721.1 735.7 744.2 754.0 764.2 777.1 786.1 792.8 801.1 886.0 894.7 915.3 923.1 928.0 936.8 944.6 955.5 970.9 984.3 989.0 996.2 1005.2 1015.9 1035.0 1042.8 1052.8 1061.0 1068.7 1075.7 1100.7 1111.3 1125.5 1136.1 1139.3 1147.2 1164.4 1174.4 1184.5 1192.3 1195.6 1204.8 1230.3 1236.6 1242.6 1249.6 1253.7 1262.9 1265.4 1272.3 1272.8 1277.0 1280.3 1287.2 1342.0 1351.5 1357.5 1369.4 1440.9 1450.1 1451.6 1463.1 1472.8 1480.9 1482.1 1488.1 1556.7 1567.1 1579.9 1588.3 1594.4 1603.8 1626.0 1635.4 1654.8 1661.4 1673.3 14
test/video_test_0001123.mp4 0.0 5.4 5.6 10.8 11.0 19.3 19.5 24.8 25.0 38.4 38.7 43.7 43.9 49.0 49.3 61.9 62.4 67.3 67.4 72.0 72.1 84.7 84.8 90.3 90.6 95.2 95.7 108.6 109.0 114.3 114.6 119.4 119.6 133.4 133.6 138.2 138.5 143.2 143.4 152.1 152.2 161.1 161.4 167.0 167.1 184.0 184.6 190.7 190.7 198.6 198.9 211.4 211.6 218.0 218.3 227.0 229.9 243.7 256.8 14
test/video_test_0001162.mp4 42.7 64.8 65.7 69.4 70.6 77.5 79.3 82.5 83.5 87.4 89.4 93.8 95.1 99.3 99.7 101.7 102.5 105.4 105.4 14
test/video_test_0001201.mp4 7.0 11.7 24.8 25.4 173.0 178.4 181.2 184.3 190.1 193.5 207.6 211.9 215.5 221.4 224.0 228.0 275.0 279.7 310.1 318.1 329.7 334.6 343.4 346.6 354.0 357.9 360.0 364.7 366.7 371.1 380.5 382.4 382.6 383.7 383.8 385.0 385.1 386.1 386.2 388.5 412.9 14
test/video_test_0001207.mp4 30.5 38.5 53.7 59.6 67.8 74.5 80.1 88.1 91.9 99.6 111.2 117.4 123.6 130.4 136.6 146.0 153.0 165.3 172.5 178.8 192.2 199.1 206.2 216.7 227.3 238.0 241.8 249.1 256.4 268.7 281.0 287.2 294.5 303.4 316.7 326.0 338.1 347.4 364.7 371.8 386.3 392.7 399.2 410.9 419.5 424.7 441.1 449.0 455.0 468.2 479.0 489.9 503.1 509.5 520.5 527.3 542.7 552.7 559.2 567.7 581.2 587.4 600.4 611.5 618.9 624.5 633.3 644.1 659.7 665.6 684.0 692.3 704.1 714.1 726.4 734.7 746.4 754.3 763.4 773.0 785.7 795.5 812.2 820.0 834.3 846.0 849.0 862.5 875.0 883.6 896.5 904.0 914.2 930.3 945.3 952.9 980.4 988.8 1006.7 1020.2 1032.2 1044.3 1051.3 1058.3 1103.6 14
test/video_test_0001235.mp4 18.2 23.1 23.6 28.0 30.3 36.0 36.2 41.9 43.7 49.0 50.0 55.5 57.2 63.5 64.1 69.4 71.5 77.1 78.0 84.0 87.0 91.6 92.4 97.3 101.0 105.9 106.1 111.6 114.1 119.5 119.9 124.9 127.5 133.6 134.0 139.6 141.9 146.9 147.2 153.3 155.9 160.8 161.2 167.0 169.4 174.8 175.2 181.1 183.8 188.1 188.7 194.8 197.4 201.3 201.9 207.8 208.9 215.4 215.7 221.4 222.2 228.7 229.3 235.3 236.1 241.2 241.7 247.1 249.3 254.4 254.9 260.8 262.6 268.3 268.5 273.9 276.3 281.8 282.1 288.3 290.0 295.6 296.3 301.4 305.6 309.4 310.1 315.9 317.1 323.2 323.5 329.6 332.4 343.5 344.9 350.1 350.3 357.2 357.4 363.3 363.8 370.1 370.6 375.6 375.9 382.4 384.2 390.1 390.6 396.7 397.7 402.8 403.3 409.6 409.9 415.5 416.0 422.5 423.7 429.6 430.0 436.3 439.6 449.4 450.1 456.0 456.3 462.4 464.4 469.6 469.9 475.4 477.3 482.7 483.2 488.8 489.8 495.1 495.5 501.2 501.7 510.6 512.7 517.8 518.3 523.5 525.4 530.4 530.8 536.5 539.3 544.0 544.5 551.0 551.9 557.5 558.1 564.1 564.3 571.0 571.6 578.1 578.7 583.1 583.4 589.7 591.2 596.6 596.9 602.6 604.8 609.8 610.6 616.3 618.5 624.3 624.6 630.6 632.2 635.8 636.0 642.5 643.0 648.8 649.1 655.5 657.0 661.6 661.7 667.5 669.8 673.6 674.0 680.0 681.1 685.3 685.4 691.7 698.3 703.3 703.5 709.9 714.7 720.9 721.2 727.5 728.5 734.7 735.0 741.2 747.7 753.6 753.8 760.5 766.2 771.1 771.5 778.6 783.2 789.0 789.2 796.1 840.4 14
test/video_test_0000011.mp4 0.4 12.4 15.2 32.0 40.7 60.0 61.8 77.9 79.0 15
test/video_test_0000045.mp4 1.6 8.7 12.6 23.7 32.6 42.0 46.5 62.5 65.0 70.6 74.3 84.8 93.4 102.7 110.9 113.9 123.0 125.4 126.9 129.4 129.6 130.3 129.7 130.3 130.8 131.6 130.8 131.6 131.7 137.7 137.9 139.8 155.6 165.1 171.1 175.5 190.7 194.9 212.6 225.1 225.4 227.9 225.6 228.5 235.3 15
test/video_test_0000129.mp4 3.4 9.1 11.0 16.6 24.4 29.0 33.5 49.4 59.9 70.4 78.3 94.9 113.6 129.0 141.0 145.4 146.2 148.5 173.1 178.3 191.8 15
test/video_test_0000593.mp4 45.8 49.5 56.0 15
test/video_test_0000691.mp4 84.7 88.4 99.4 105.7 117.6 123.3 156.9 160.2 160.3 161.0 176.9 15
test/video_test_0000765.mp4 10.1 24.0 26.7 30.1 34.9 42.7 55.9 70.0 72.3 80.7 87.9 93.7 102.9 113.2 117.1 15
test/video_test_0000846.mp4 1.8 5.6 6.4 9.3 10.4 26.6 27.1 15
test/video_test_0000854.mp4 10.8 22.3 22.7 31.6 32.2 37.7 38.4 50.4 51.6 62.5 63.0 72.2 72.7 78.2 78.8 90.9 95.4 100.8 101.6 110.2 110.7 121.4 122.4 125.9 127.7 136.7 137.2 143.9 156.8 161.7 166.4 176.8 177.9 179.9 190.2 200.8 227.1 15
test/video_test_0001039.mp4 9.8 18.0 20.9 24.1 41.9 54.5 59.9 64.2 64.8 69.4 70.0 77.4 78.5 85.8 89.1 92.6 97.5 100.0 103.1 107.0 107.8 110.9 112.5 117.3 121.9 127.6 128.7 132.1 138.5 143.7 143.7 148.5 152.3 158.5 160.2 164.4 167.7 175.3 180.8 184.9 190.1 194.6 197.6 202.3 207.8 211.0 212.7 215.5 217.6 219.0 219.1 225.2 226.8 231.4 234.6 15
test/video_test_0001040.mp4 12.4 14.1 22.6 24.1 27.8 29.3 38.0 40.6 50.1 51.4 59.7 62.3 72.7 74.9 84.3 87.1 92.6 96.4 107.5 109.7 116.8 117.5 125.8 128.0 135.2 139.0 145.9 148.8 156.0 157.2 166.4 169.1 176.8 15
test/video_test_0001066.mp4 5.3 10.4 22.6 35.7 57.0 68.3 81.9 85.2 92.5 100.4 132.3 140.8 152.3 15
test/video_test_0001114.mp4 0.4 8.4 20.8 25.4 48.4 15
test/video_test_0001129.mp4 19.8 32.3 41.2 43.6 44.1 45.6 50.5 53.2 54.3 56.8 61.9 64.4 67.6 15
test/video_test_0001268.mp4 7.4 10.4 10.8 12.6 44.4 50.7 58.4 60.2 62.7 64.0 67.0 68.0 74.5 76.9 81.2 87.3 94.6 15
test/video_test_0001527.mp4 8.0 15.2 25.5 28.3 71.9 80.3 94.7 97.6 141.3 147.4 159.9 165.3 212.5 15
test/video_test_0000292.mp4 65.9 67.4 75.9 16
test/video_test_0000541.mp4 1.7 4.8 10.1 12.0 29.2 16
test/video_test_0000591.mp4 10.5 11.6 24.3 25.9 33.4 16
test/video_test_0000689.mp4 62.8 65.4 101.6 103.7 129.9 16
test/video_test_0000701.mp4 0.9 2.4 16.2 26.2 33.9 35.8 41.4 44.0 64.5 16
test/video_test_0000991.mp4 8.1 11.7 14.8 17.6 26.2 28.9 29.8 33.6 34.0 38.3 38.4 38.9 39.0 39.5 39.7 40.3 45.9 49.6 54.8 57.9 60.0 66.6 66.8 69.7 82.2 16
test/video_test_0001118.mp4 22.6 27.5 48.7 56.8 70.3 16
test/video_test_0001153.mp4 69.5 72.1 97.5 100.5 101.9 106.2 128.3 16
test/video_test_0001409.mp4 19.6 22.2 57.7 59.8 80.3 84.6 100.4 103.4 121.1 123.6 141.1 146.7 163.5 167.1 172.5 16
test/video_test_0001484.mp4 53.7 55.8 56.7 58.9 59.4 61.4 61.7 65.2 65.8 67.9 129.9 132.2 132.9 135.3 135.9 137.7 138.3 141.7 142.5 143.9 198.1 200.2 204.9 16
test/video_test_0001556.mp4 53.0 55.3 78.2 83.8 103.1 16
test/video_test_0000026.mp4 42.7 43.4 44.8 46.9 48.5 50.4 51.5 52.8 53.7 54.3 56.3 58.1 59.9 61.7 63.2 65.3 66.7 67.6 75.7 76.9 78.8 80.0 81.1 82.5 84.5 85.7 90.0 90.9 94.8 96.4 117.7 119.7 120.7 122.1 123.8 125.2 126.5 128.0 142.4 143.8 145.2 146.8 149.0 150.2 152.2 153.4 155.0 156.4 158.6 159.7 161.7 162.5 173.1 174.6 176.6 177.9 179.5 180.6 182.0 183.7 185.7 186.9 187.4 188.2 190.4 191.6 193.3 194.3 195.9 197.0 198.7 200.7 201.4 203.9 204.9 206.1 207.7 17
test/video_test_0000039.mp4 0.9 3.5 4.8 6.9 7.3 8.8 11.0 11.8 14.5 16.0 17.3 18.5 45.9 47.6 49.4 51.8 52.8 54.5 66.9 67.8 111.8 121.0 125.9 127.5 159.8 162.4 167.6 170.2 181.0 184.4 227.2 17
test/video_test_0000374.mp4 3.1 4.2 6.7 8.3 89.0 90.4 93.2 96.9 121.7 17
test/video_test_0000423.mp4 30.5 33.1 33.5 35.3 36.5 38.2 39.7 41.4 57.8 60.0 61.2 62.9 63.7 64.9 120.3 121.6 122.6 123.9 125.6 126.6 127.9 129.0 130.3 131.5 137.5 139.7 209.2 17
test/video_test_0000756.mp4 10.4 11.9 12.3 13.1 13.2 14.0 14.4 16.1 19.1 19.4 19.8 20.2 22.9 23.4 30.8 31.5 31.7 32.2 34.2 35.5 35.9 17
test/video_test_0001168.mp4 79.7 81.1 98.4 99.3 103.6 104.9 109.6 17
test/video_test_0001389.mp4 5.8 7.4 9.0 10.5 12.1 13.6 19.3 20.5 22.3 23.4 54.4 57.3 60.1 63.8 64.2 67.0 68.4 70.8 74.8 77.3 78.7 81.2 82.2 84.6 100.1 104.2 105.0 108.3 111.9 113.5 114.5 116.7 118.3 120.3 141.5 17
test/video_test_0001522.mp4 1.5 2.3 4.1 5.1 7.1 8.8 10.4 11.4 13.0 14.3 17.0 18.0 19.8 21.1 23.6 25.0 26.4 27.8 28.9 30.7 31.9 33.4 34.4 35.7 35.7 17
test/video_test_0001531.mp4 12.5 21.5 25.0 32.9 41.3 43.5 48.3 56.6 60.1 86.9 112.9 122.8 135.4 150.5 153.3 155.7 160.2 162.6 164.3 166.4 167.6 169.7 171.3 173.8 173.8 177.7 178.2 180.3 180.5 182.6 184.7 186.5 187.9 193.0 192.9 195.1 196.0 198.3 199.1 200.2 200.6 201.6 202.4 203.4 203.6 206.0 206.2 207.5 207.8 209.3 209.7 210.6 212.3 213.3 213.8 214.7 215.5 216.2 217.0 17
test/video_test_0000073.mp4 3.8 10.1 21.7 23.4 36.6 43.4 50.4 53.6 98.9 18
test/video_test_0000319.mp4 14.2 18.2 47.6 54.3 97.7 104.2 123.6 130.2 138.8 18
test/video_test_0000671.mp4 9.4 15.1 16.8 20.5 24.4 31.8 32.2 40.5 41.7 46.9 50.2 56.6 57.6 63.5 63.9 71.2 71.9 80.2 80.7 89.2 116.7 18
test/video_test_0000814.mp4 21.5 24.1 24.8 29.8 32.2 34.8 59.6 64.2 78.7 85.6 116.9 120.2 154.8 160.4 165.7 168.3 181.1 18
test/video_test_0000987.mp4 33.5 39.1 45.1 49.4 96.6 102.9 107.9 115.3 128.1 132.2 161.8 168.3 184.8 18
test/video_test_0001080.mp4 0.0 23.3 23.3 18
test/video_test_0001174.mp4 0.4 5.6 7.3 14.0 28.7 33.0 49.4 56.4 70.5 76.9 94.7 101.2 104.0 110.9 114.0 119.6 123.3 131.4 134.4 141.1 143.9 153.7 154.0 158.6 162.1 169.0 173.0 178.5 183.0 188.8 194.0 198.4 201.2 203.5 207.3 212.6 233.9 18
test/video_test_0001223.mp4 27.4 33.9 74.2 82.7 102.0 108.8 116.0 18
test/video_test_0000006.mp4 18.8 57.3 57.3 19
test/video_test_0000211.mp4 8.2 10.1 10.8 12.5 13.1 14.8 17.3 19.5 30.5 40.1 43.0 44.2 47.6 49.3 50.8 52.5 55.3 62.0 98.7 19
test/video_test_0000426.mp4 27.1 29.4 34.9 35.9 53.1 54.1 55.6 58.1 63.2 64.6 78.9 80.3 84.3 86.3 100.1 101.3 144.1 145.9 153.0 19
test/video_test_0000429.mp4 36.7 38.7 39.5 41.7 42.3 43.5 44.2 46.5 48.4 51.3 52.8 55.0 56.7 59.2 59.5 62.0 64.2 66.9 68.7 71.0 73.2 74.9 76.7 79.0 80.5 82.6 85.4 87.4 89.8 91.8 94.5 95.8 97.4 99.1 99.4 100.7 103.0 104.5 104.5 107.6 108.2 108.7 109.3 110.2 111.6 114.3 114.7 118.5 122.3 126.6 127.4 130.1 138.3 19
test/video_test_0000450.mp4 10.9 13.2 28.3 19
test/video_test_0000615.mp4 10.0 16.6 52.6 54.6 111.9 119.0 128.4 134.8 171.4 173.9 184.0 188.3 206.5 19
test/video_test_0000723.mp4 9.7 10.7 11.0 12.7 12.8 13.5 13.8 15.0 15.9 17.0 17.3 18.6 19.5 21.3 21.4 22.6 23.4 24.7 25.6 26.7 27.2 28.0 28.3 29.4 30.8 32.6 34.1 35.7 63.5 72.3 113.9 128.2 155.6 161.6 164.5 184.0 188.0 196.4 200.0 203.4 213.4 217.6 226.2 19
test/video_test_0000762.mp4 3.0 4.8 13.3 15.8 26.8 29.1 47.9 50.1 56.5 58.0 74.4 76.8 83.6 85.8 98.3 101.6 114.2 118.4 129.7 132.6 132.9 19
test/video_test_0001078.mp4 0.5 2.2 4.6 9.0 15.3 17.0 20.0 24.2 29.8 35.2 38.8 41.1 45.8 49.9 55.8 57.9 61.2 65.6 74.1 84.7 97.4 19
test/video_test_0001202.mp4 11.8 14.1 45.8 19
test/video_test_0001319.mp4 4.2 10.5 18.5 24.8 28.1 32.3 34.4 38.1 44.1 45.7 49.6 52.9 55.5 19
test/video_test_0001452.mp4 17.5 19.4 26.3 28.0 41.3 43.2 54.5 56.9 72.7 19
test/video_test_0001463.mp4 3.7 7.2 9.0 11.9 14.2 16.7 20.1 22.3 27.5 29.6 33.3 36.3 39.9 42.4 44.6 47.5 51.3 54.9 57.9 60.3 64.8 68.1 72.2 73.6 78.1 82.7 88.4 91.0 93.8 96.9 101.6 104.9 106.5 19
